#CHR	START	END	SAMPLE	cn_normal	u_normal	cn_clone1	u_clone1	cn_clone2	u_clone2
chr1	1	250000	P5_DCIS	1|1	0.321431	5|2	0.396043	4|2	0.282526
chr1	1	250000	P5_INV	1|1	0.563992	5|2	0.223807	4|2	0.212202
chr1	750000	2250000	P5_DCIS	1|1	0.321431	3|2	0.396043	3|2	0.282526
chr1	750000	2250000	P5_INV	1|1	0.563992	3|2	0.223807	3|2	0.212202
chr1	2250000	2500000	P5_DCIS	1|1	0.321431	5|2	0.396043	2|2	0.282526
chr1	2250000	2500000	P5_INV	1|1	0.563992	5|2	0.223807	2|2	0.212202
chr1	2500000	2750000	P5_DCIS	1|1	0.321431	8|2	0.396043	2|2	0.282526
chr1	2500000	2750000	P5_INV	1|1	0.563992	8|2	0.223807	2|2	0.212202
chr1	3000000	3750000	P5_DCIS	1|1	0.321431	2|2	0.396043	2|2	0.282526
chr1	3000000	3750000	P5_INV	1|1	0.563992	2|2	0.223807	2|2	0.212202
chr1	3750000	4000000	P5_DCIS	1|1	0.321431	3|2	0.396043	3|2	0.282526
chr1	3750000	4000000	P5_INV	1|1	0.563992	3|2	0.223807	3|2	0.212202
chr1	4000000	4250000	P5_DCIS	1|1	0.321431	2|2	0.396043	2|2	0.282526
chr1	4000000	4250000	P5_INV	1|1	0.563992	2|2	0.223807	2|2	0.212202
chr1	4750000	5000000	P5_DCIS	1|1	0.321431	3|2	0.396043	3|2	0.282526
chr1	4750000	5000000	P5_INV	1|1	0.563992	3|2	0.223807	3|2	0.212202
chr1	5750000	6000000	P5_DCIS	1|1	0.321431	3|2	0.396043	3|2	0.282526
chr1	5750000	6000000	P5_INV	1|1	0.563992	3|2	0.223807	3|2	0.212202
chr1	6000000	6250000	P5_DCIS	1|1	0.321431	2|2	0.396043	2|2	0.282526
chr1	6000000	6250000	P5_INV	1|1	0.563992	2|2	0.223807	2|2	0.212202
chr1	6250000	6750000	P5_DCIS	1|1	0.321431	3|2	0.396043	3|2	0.282526
chr1	6250000	6750000	P5_INV	1|1	0.563992	3|2	0.223807	3|2	0.212202
chr1	7000000	7250000	P5_DCIS	1|1	0.321431	3|2	0.396043	3|2	0.282526
chr1	7000000	7250000	P5_INV	1|1	0.563992	3|2	0.223807	3|2	0.212202
chr1	7500000	7750000	P5_DCIS	1|1	0.321431	3|2	0.396043	3|2	0.282526
chr1	7500000	7750000	P5_INV	1|1	0.563992	3|2	0.223807	3|2	0.212202
chr1	7750000	8000000	P5_DCIS	1|1	0.321431	2|2	0.396043	2|2	0.282526
chr1	7750000	8000000	P5_INV	1|1	0.563992	2|2	0.223807	2|2	0.212202
chr1	8000000	8250000	P5_DCIS	1|1	0.321431	4|4	0.396043	2|2	0.282526
chr1	8000000	8250000	P5_INV	1|1	0.563992	4|4	0.223807	2|2	0.212202
chr1	8250000	8500000	P5_DCIS	1|1	0.321431	3|2	0.396043	3|2	0.282526
chr1	8250000	8500000	P5_INV	1|1	0.563992	3|2	0.223807	3|2	0.212202
chr1	8500000	8750000	P5_DCIS	1|1	0.321431	2|2	0.396043	2|2	0.282526
chr1	8500000	8750000	P5_INV	1|1	0.563992	2|2	0.223807	2|2	0.212202
chr1	8750000	9250000	P5_DCIS	1|1	0.321431	3|2	0.396043	3|2	0.282526
chr1	8750000	9250000	P5_INV	1|1	0.563992	3|2	0.223807	3|2	0.212202
chr1	9500000	10000000	P5_DCIS	1|1	0.321431	2|2	0.396043	2|2	0.282526
chr1	9500000	10000000	P5_INV	1|1	0.563992	2|2	0.223807	2|2	0.212202
chr1	10250000	10500000	P5_DCIS	1|1	0.321431	2|2	0.396043	2|2	0.282526
chr1	10250000	10500000	P5_INV	1|1	0.563992	2|2	0.223807	2|2	0.212202
chr1	10500000	10750000	P5_DCIS	1|1	0.321431	3|2	0.396043	3|2	0.282526
chr1	10500000	10750000	P5_INV	1|1	0.563992	3|2	0.223807	3|2	0.212202
chr1	10750000	11500000	P5_DCIS	1|1	0.321431	2|2	0.396043	2|2	0.282526
chr1	10750000	11500000	P5_INV	1|1	0.563992	2|2	0.223807	2|2	0.212202
chr1	11500000	11750000	P5_DCIS	1|1	0.321431	3|2	0.396043	3|2	0.282526
chr1	11500000	11750000	P5_INV	1|1	0.563992	3|2	0.223807	3|2	0.212202
chr1	11750000	12000000	P5_DCIS	1|1	0.321431	2|2	0.396043	2|2	0.282526
chr1	11750000	12000000	P5_INV	1|1	0.563992	2|2	0.223807	2|2	0.212202
chr1	12000000	12500000	P5_DCIS	1|1	0.321431	3|2	0.396043	3|2	0.282526
chr1	12000000	12500000	P5_INV	1|1	0.563992	3|2	0.223807	3|2	0.212202
chr1	12500000	12750000	P5_DCIS	1|1	0.321431	2|2	0.396043	3|0	0.282526
chr1	12500000	12750000	P5_INV	1|1	0.563992	2|2	0.223807	3|0	0.212202
chr1	12750000	13000000	P5_DCIS	1|1	0.321431	2|2	0.396043	2|2	0.282526
chr1	12750000	13000000	P5_INV	1|1	0.563992	2|2	0.223807	2|2	0.212202
chr1	13000000	13250000	P5_DCIS	1|1	0.321431	3|2	0.396043	3|2	0.282526
chr1	13000000	13250000	P5_INV	1|1	0.563992	3|2	0.223807	3|2	0.212202
chr1	13250000	13500000	P5_DCIS	1|1	0.321431	4|4	0.396043	4|3	0.282526
chr1	13250000	13500000	P5_INV	1|1	0.563992	4|4	0.223807	4|3	0.212202
chr1	13500000	14000000	P5_DCIS	1|1	0.321431	2|2	0.396043	2|2	0.282526
chr1	13500000	14000000	P5_INV	1|1	0.563992	2|2	0.223807	2|2	0.212202
chr1	14000000	14250000	P5_DCIS	1|1	0.321431	3|2	0.396043	3|2	0.282526
chr1	14000000	14250000	P5_INV	1|1	0.563992	3|2	0.223807	3|2	0.212202
chr1	15250000	15500000	P5_DCIS	1|1	0.321431	2|2	0.396043	2|2	0.282526
chr1	15250000	15500000	P5_INV	1|1	0.563992	2|2	0.223807	2|2	0.212202
chr1	15500000	15750000	P5_DCIS	1|1	0.321431	3|2	0.396043	3|2	0.282526
chr1	15500000	15750000	P5_INV	1|1	0.563992	3|2	0.223807	3|2	0.212202
chr1	15750000	16000000	P5_DCIS	1|1	0.321431	2|2	0.396043	2|2	0.282526
chr1	15750000	16000000	P5_INV	1|1	0.563992	2|2	0.223807	2|2	0.212202
chr1	16000000	16250000	P5_DCIS	1|1	0.321431	3|2	0.396043	3|2	0.282526
chr1	16000000	16250000	P5_INV	1|1	0.563992	3|2	0.223807	3|2	0.212202
chr1	16250000	16500000	P5_DCIS	1|1	0.321431	2|1	0.396043	2|1	0.282526
chr1	16250000	16500000	P5_INV	1|1	0.563992	2|1	0.223807	2|1	0.212202
chr1	16500000	16750000	P5_DCIS	1|1	0.321431	2|2	0.396043	2|2	0.282526
chr1	16500000	16750000	P5_INV	1|1	0.563992	2|2	0.223807	2|2	0.212202
chr1	16750000	17500000	P5_DCIS	1|1	0.321431	3|2	0.396043	3|2	0.282526
chr1	16750000	17500000	P5_INV	1|1	0.563992	3|2	0.223807	3|2	0.212202
chr1	17500000	18250000	P5_DCIS	1|1	0.321431	2|2	0.396043	2|2	0.282526
chr1	17500000	18250000	P5_INV	1|1	0.563992	2|2	0.223807	2|2	0.212202
chr1	18500000	18750000	P5_DCIS	1|1	0.321431	3|2	0.396043	3|2	0.282526
chr1	18500000	18750000	P5_INV	1|1	0.563992	3|2	0.223807	3|2	0.212202
chr1	18750000	19750000	P5_DCIS	1|1	0.321431	2|2	0.396043	2|2	0.282526
chr1	18750000	19750000	P5_INV	1|1	0.563992	2|2	0.223807	2|2	0.212202
chr1	19750000	20000000	P5_DCIS	1|1	0.321431	3|2	0.396043	3|2	0.282526
chr1	19750000	20000000	P5_INV	1|1	0.563992	3|2	0.223807	3|2	0.212202
chr1	20000000	21000000	P5_DCIS	1|1	0.321431	2|2	0.396043	2|2	0.282526
chr1	20000000	21000000	P5_INV	1|1	0.563992	2|2	0.223807	2|2	0.212202
chr1	21250000	21500000	P5_DCIS	1|1	0.321431	2|2	0.396043	2|2	0.282526
chr1	21250000	21500000	P5_INV	1|1	0.563992	2|2	0.223807	2|2	0.212202
chr1	21500000	21750000	P5_DCIS	1|1	0.321431	3|2	0.396043	3|2	0.282526
chr1	21500000	21750000	P5_INV	1|1	0.563992	3|2	0.223807	3|2	0.212202
chr1	21750000	22500000	P5_DCIS	1|1	0.321431	2|2	0.396043	2|2	0.282526
chr1	21750000	22500000	P5_INV	1|1	0.563992	2|2	0.223807	2|2	0.212202
chr1	22750000	23750000	P5_DCIS	1|1	0.321431	2|2	0.396043	2|2	0.282526
chr1	22750000	23750000	P5_INV	1|1	0.563992	2|2	0.223807	2|2	0.212202
chr1	23750000	24000000	P5_DCIS	1|1	0.321431	3|2	0.396043	3|2	0.282526
chr1	23750000	24000000	P5_INV	1|1	0.563992	3|2	0.223807	3|2	0.212202
chr1	24000000	25000000	P5_DCIS	1|1	0.321431	2|2	0.396043	2|2	0.282526
chr1	24000000	25000000	P5_INV	1|1	0.563992	2|2	0.223807	2|2	0.212202
chr1	25250000	25500000	P5_DCIS	1|1	0.321431	3|2	0.396043	3|2	0.282526
chr1	25250000	25500000	P5_INV	1|1	0.563992	3|2	0.223807	3|2	0.212202
chr1	25500000	27000000	P5_DCIS	1|1	0.321431	2|2	0.396043	2|2	0.282526
chr1	25500000	27000000	P5_INV	1|1	0.563992	2|2	0.223807	2|2	0.212202
chr1	27000000	28250000	P5_DCIS	1|1	0.321431	3|2	0.396043	3|2	0.282526
chr1	27000000	28250000	P5_INV	1|1	0.563992	3|2	0.223807	3|2	0.212202
chr1	28250000	28500000	P5_DCIS	1|1	0.321431	2|2	0.396043	2|2	0.282526
chr1	28250000	28500000	P5_INV	1|1	0.563992	2|2	0.223807	2|2	0.212202
chr1	28500000	29250000	P5_DCIS	1|1	0.321431	4|4	0.396043	2|2	0.282526
chr1	28500000	29250000	P5_INV	1|1	0.563992	4|4	0.223807	2|2	0.212202
chr1	29500000	29750000	P5_DCIS	1|1	0.321431	3|2	0.396043	3|2	0.282526
chr1	29500000	29750000	P5_INV	1|1	0.563992	3|2	0.223807	3|2	0.212202
chr1	31000000	31500000	P5_DCIS	1|1	0.321431	2|2	0.396043	2|2	0.282526
chr1	31000000	31500000	P5_INV	1|1	0.563992	2|2	0.223807	2|2	0.212202
chr1	31750000	32000000	P5_DCIS	1|1	0.321431	4|4	0.396043	2|2	0.282526
chr1	31750000	32000000	P5_INV	1|1	0.563992	4|4	0.223807	2|2	0.212202
chr1	32000000	32250000	P5_DCIS	1|1	0.321431	3|2	0.396043	3|2	0.282526
chr1	32000000	32250000	P5_INV	1|1	0.563992	3|2	0.223807	3|2	0.212202
chr1	32250000	32750000	P5_DCIS	1|1	0.321431	2|2	0.396043	2|2	0.282526
chr1	32250000	32750000	P5_INV	1|1	0.563992	2|2	0.223807	2|2	0.212202
chr1	33000000	33500000	P5_DCIS	1|1	0.321431	2|2	0.396043	2|2	0.282526
chr1	33000000	33500000	P5_INV	1|1	0.563992	2|2	0.223807	2|2	0.212202
chr1	33500000	33750000	P5_DCIS	1|1	0.321431	3|2	0.396043	3|2	0.282526
chr1	33500000	33750000	P5_INV	1|1	0.563992	3|2	0.223807	3|2	0.212202
chr1	33750000	34250000	P5_DCIS	1|1	0.321431	2|2	0.396043	2|2	0.282526
chr1	33750000	34250000	P5_INV	1|1	0.563992	2|2	0.223807	2|2	0.212202
chr1	34500000	34750000	P5_DCIS	1|1	0.321431	3|2	0.396043	3|2	0.282526
chr1	34500000	34750000	P5_INV	1|1	0.563992	3|2	0.223807	3|2	0.212202
chr1	35000000	35500000	P5_DCIS	1|1	0.321431	2|2	0.396043	2|2	0.282526
chr1	35000000	35500000	P5_INV	1|1	0.563992	2|2	0.223807	2|2	0.212202
chr1	35750000	36000000	P5_DCIS	1|1	0.321431	2|2	0.396043	2|2	0.282526
chr1	35750000	36000000	P5_INV	1|1	0.563992	2|2	0.223807	2|2	0.212202
chr1	36250000	36500000	P5_DCIS	1|1	0.321431	2|2	0.396043	2|2	0.282526
chr1	36250000	36500000	P5_INV	1|1	0.563992	2|2	0.223807	2|2	0.212202
chr1	36500000	36750000	P5_DCIS	1|1	0.321431	3|2	0.396043	3|2	0.282526
chr1	36500000	36750000	P5_INV	1|1	0.563992	3|2	0.223807	3|2	0.212202
chr1	36750000	37000000	P5_DCIS	1|1	0.321431	2|2	0.396043	2|2	0.282526
chr1	36750000	37000000	P5_INV	1|1	0.563992	2|2	0.223807	2|2	0.212202
chr1	37250000	38000000	P5_DCIS	1|1	0.321431	2|2	0.396043	2|2	0.282526
chr1	37250000	38000000	P5_INV	1|1	0.563992	2|2	0.223807	2|2	0.212202
chr1	38000000	38250000	P5_DCIS	1|1	0.321431	3|2	0.396043	3|2	0.282526
chr1	38000000	38250000	P5_INV	1|1	0.563992	3|2	0.223807	3|2	0.212202
chr1	38250000	38500000	P5_DCIS	1|1	0.321431	2|2	0.396043	2|2	0.282526
chr1	38250000	38500000	P5_INV	1|1	0.563992	2|2	0.223807	2|2	0.212202
chr1	39000000	39250000	P5_DCIS	1|1	0.321431	2|2	0.396043	2|2	0.282526
chr1	39000000	39250000	P5_INV	1|1	0.563992	2|2	0.223807	2|2	0.212202
chr1	39250000	39500000	P5_DCIS	1|1	0.321431	3|2	0.396043	3|2	0.282526
chr1	39250000	39500000	P5_INV	1|1	0.563992	3|2	0.223807	3|2	0.212202
chr1	39750000	40000000	P5_DCIS	1|1	0.321431	8|2	0.396043	2|2	0.282526
chr1	39750000	40000000	P5_INV	1|1	0.563992	8|2	0.223807	2|2	0.212202
chr1	40000000	40500000	P5_DCIS	1|1	0.321431	5|2	0.396043	2|2	0.282526
chr1	40000000	40500000	P5_INV	1|1	0.563992	5|2	0.223807	2|2	0.212202
chr1	40500000	40750000	P5_DCIS	1|1	0.321431	8|2	0.396043	2|2	0.282526
chr1	40500000	40750000	P5_INV	1|1	0.563992	8|2	0.223807	2|2	0.212202
chr1	40750000	41500000	P5_DCIS	1|1	0.321431	3|2	0.396043	3|2	0.282526
chr1	40750000	41500000	P5_INV	1|1	0.563992	3|2	0.223807	3|2	0.212202
chr1	41750000	42250000	P5_DCIS	1|1	0.321431	3|2	0.396043	3|2	0.282526
chr1	41750000	42250000	P5_INV	1|1	0.563992	3|2	0.223807	3|2	0.212202
chr1	42500000	44750000	P5_DCIS	1|1	0.321431	3|2	0.396043	3|2	0.282526
chr1	42500000	44750000	P5_INV	1|1	0.563992	3|2	0.223807	3|2	0.212202
chr1	45000000	45250000	P5_DCIS	1|1	0.321431	5|2	0.396043	2|2	0.282526
chr1	45000000	45250000	P5_INV	1|1	0.563992	5|2	0.223807	2|2	0.212202
chr1	45250000	45500000	P5_DCIS	1|1	0.321431	4|4	0.396043	2|2	0.282526
chr1	45250000	45500000	P5_INV	1|1	0.563992	4|4	0.223807	2|2	0.212202
chr1	45500000	48000000	P5_DCIS	1|1	0.321431	3|2	0.396043	3|2	0.282526
chr1	45500000	48000000	P5_INV	1|1	0.563992	3|2	0.223807	3|2	0.212202
chr1	48500000	49000000	P5_DCIS	1|1	0.321431	2|2	0.396043	2|2	0.282526
chr1	48500000	49000000	P5_INV	1|1	0.563992	2|2	0.223807	2|2	0.212202
chr1	49000000	49250000	P5_DCIS	1|1	0.321431	3|2	0.396043	3|2	0.282526
chr1	49000000	49250000	P5_INV	1|1	0.563992	3|2	0.223807	3|2	0.212202
chr1	50000000	50250000	P5_DCIS	1|1	0.321431	3|2	0.396043	3|2	0.282526
chr1	50000000	50250000	P5_INV	1|1	0.563992	3|2	0.223807	3|2	0.212202
chr1	50250000	50500000	P5_DCIS	1|1	0.321431	2|2	0.396043	2|2	0.282526
chr1	50250000	50500000	P5_INV	1|1	0.563992	2|2	0.223807	2|2	0.212202
chr1	50500000	50750000	P5_DCIS	1|1	0.321431	3|2	0.396043	3|2	0.282526
chr1	50500000	50750000	P5_INV	1|1	0.563992	3|2	0.223807	3|2	0.212202
chr1	50750000	51000000	P5_DCIS	1|1	0.321431	2|2	0.396043	2|2	0.282526
chr1	50750000	51000000	P5_INV	1|1	0.563992	2|2	0.223807	2|2	0.212202
chr1	51750000	53750000	P5_DCIS	1|1	0.321431	3|2	0.396043	3|2	0.282526
chr1	51750000	53750000	P5_INV	1|1	0.563992	3|2	0.223807	3|2	0.212202
chr1	54000000	54250000	P5_DCIS	1|1	0.321431	2|2	0.396043	6|1	0.282526
chr1	54000000	54250000	P5_INV	1|1	0.563992	2|2	0.223807	6|1	0.212202
chr1	54250000	54750000	P5_DCIS	1|1	0.321431	7|4	0.396043	3|2	0.282526
chr1	54250000	54750000	P5_INV	1|1	0.563992	7|4	0.223807	3|2	0.212202
chr1	54750000	55000000	P5_DCIS	1|1	0.321431	9|2	0.396043	2|4	0.282526
chr1	54750000	55000000	P5_INV	1|1	0.563992	9|2	0.223807	2|4	0.212202
chr1	55000000	55750000	P5_DCIS	1|1	0.321431	7|4	0.396043	3|2	0.282526
chr1	55000000	55750000	P5_INV	1|1	0.563992	7|4	0.223807	3|2	0.212202
chr1	55750000	56000000	P5_DCIS	1|1	0.321431	11|1	0.396043	12|0	0.282526
chr1	55750000	56000000	P5_INV	1|1	0.563992	11|1	0.223807	12|0	0.212202
chr1	57000000	57750000	P5_DCIS	1|1	0.321431	9|3	0.396043	10|2	0.282526
chr1	57000000	57750000	P5_INV	1|1	0.563992	9|3	0.223807	10|2	0.212202
chr1	58000000	58250000	P5_DCIS	1|1	0.321431	11|1	0.396043	12|0	0.282526
chr1	58000000	58250000	P5_INV	1|1	0.563992	11|1	0.223807	12|0	0.212202
chr1	59000000	59500000	P5_DCIS	1|1	0.321431	9|3	0.396043	10|2	0.282526
chr1	59000000	59500000	P5_INV	1|1	0.563992	9|3	0.223807	10|2	0.212202
chr1	59750000	60500000	P5_DCIS	1|1	0.321431	9|3	0.396043	10|2	0.282526
chr1	59750000	60500000	P5_INV	1|1	0.563992	9|3	0.223807	10|2	0.212202
chr1	61500000	61750000	P5_DCIS	1|1	0.321431	11|1	0.396043	12|0	0.282526
chr1	61500000	61750000	P5_INV	1|1	0.563992	11|1	0.223807	12|0	0.212202
chr1	61750000	62250000	P5_DCIS	1|1	0.321431	9|3	0.396043	10|2	0.282526
chr1	61750000	62250000	P5_INV	1|1	0.563992	9|3	0.223807	10|2	0.212202
chr1	62250000	62750000	P5_DCIS	1|1	0.321431	7|4	0.396043	3|2	0.282526
chr1	62250000	62750000	P5_INV	1|1	0.563992	7|4	0.223807	3|2	0.212202
chr1	62750000	63000000	P5_DCIS	1|1	0.321431	3|2	0.396043	3|2	0.282526
chr1	62750000	63000000	P5_INV	1|1	0.563992	3|2	0.223807	3|2	0.212202
chr1	63750000	64250000	P5_DCIS	1|1	0.321431	2|2	0.396043	2|2	0.282526
chr1	63750000	64250000	P5_INV	1|1	0.563992	2|2	0.223807	2|2	0.212202
chr1	64500000	64750000	P5_DCIS	1|1	0.321431	3|2	0.396043	3|2	0.282526
chr1	64500000	64750000	P5_INV	1|1	0.563992	3|2	0.223807	3|2	0.212202
chr1	65000000	65250000	P5_DCIS	1|1	0.321431	3|2	0.396043	3|2	0.282526
chr1	65000000	65250000	P5_INV	1|1	0.563992	3|2	0.223807	3|2	0.212202
chr1	65250000	65500000	P5_DCIS	1|1	0.321431	2|2	0.396043	2|2	0.282526
chr1	65250000	65500000	P5_INV	1|1	0.563992	2|2	0.223807	2|2	0.212202
chr1	65500000	65750000	P5_DCIS	1|1	0.321431	3|2	0.396043	3|2	0.282526
chr1	65500000	65750000	P5_INV	1|1	0.563992	3|2	0.223807	3|2	0.212202
chr1	65750000	66000000	P5_DCIS	1|1	0.321431	2|2	0.396043	2|2	0.282526
chr1	65750000	66000000	P5_INV	1|1	0.563992	2|2	0.223807	2|2	0.212202
chr1	66000000	66250000	P5_DCIS	1|1	0.321431	3|2	0.396043	3|2	0.282526
chr1	66000000	66250000	P5_INV	1|1	0.563992	3|2	0.223807	3|2	0.212202
chr1	66750000	68250000	P5_DCIS	1|1	0.321431	3|2	0.396043	3|2	0.282526
chr1	66750000	68250000	P5_INV	1|1	0.563992	3|2	0.223807	3|2	0.212202
chr1	68500000	68750000	P5_DCIS	1|1	0.321431	3|2	0.396043	3|2	0.282526
chr1	68500000	68750000	P5_INV	1|1	0.563992	3|2	0.223807	3|2	0.212202
chr1	70000000	70250000	P5_DCIS	1|1	0.321431	3|2	0.396043	3|2	0.282526
chr1	70000000	70250000	P5_INV	1|1	0.563992	3|2	0.223807	3|2	0.212202
chr1	70250000	70500000	P5_DCIS	1|1	0.321431	2|2	0.396043	2|2	0.282526
chr1	70250000	70500000	P5_INV	1|1	0.563992	2|2	0.223807	2|2	0.212202
chr1	70500000	71000000	P5_DCIS	1|1	0.321431	3|2	0.396043	3|2	0.282526
chr1	70500000	71000000	P5_INV	1|1	0.563992	3|2	0.223807	3|2	0.212202
chr1	71000000	71250000	P5_DCIS	1|1	0.321431	2|2	0.396043	2|2	0.282526
chr1	71000000	71250000	P5_INV	1|1	0.563992	2|2	0.223807	2|2	0.212202
chr1	71500000	71750000	P5_DCIS	1|1	0.321431	2|2	0.396043	2|2	0.282526
chr1	71500000	71750000	P5_INV	1|1	0.563992	2|2	0.223807	2|2	0.212202
chr1	72500000	72750000	P5_DCIS	1|1	0.321431	2|2	0.396043	2|2	0.282526
chr1	72500000	72750000	P5_INV	1|1	0.563992	2|2	0.223807	2|2	0.212202
chr1	74250000	75250000	P5_DCIS	1|1	0.321431	3|2	0.396043	3|2	0.282526
chr1	74250000	75250000	P5_INV	1|1	0.563992	3|2	0.223807	3|2	0.212202
chr1	75500000	75750000	P5_DCIS	1|1	0.321431	3|2	0.396043	3|2	0.282526
chr1	75500000	75750000	P5_INV	1|1	0.563992	3|2	0.223807	3|2	0.212202
chr1	76000000	76500000	P5_DCIS	1|1	0.321431	4|4	0.396043	2|2	0.282526
chr1	76000000	76500000	P5_INV	1|1	0.563992	4|4	0.223807	2|2	0.212202
chr1	77000000	77250000	P5_DCIS	1|1	0.321431	3|2	0.396043	3|2	0.282526
chr1	77000000	77250000	P5_INV	1|1	0.563992	3|2	0.223807	3|2	0.212202
chr1	77500000	77750000	P5_DCIS	1|1	0.321431	4|4	0.396043	2|2	0.282526
chr1	77500000	77750000	P5_INV	1|1	0.563992	4|4	0.223807	2|2	0.212202
chr1	78000000	78750000	P5_DCIS	1|1	0.321431	7|4	0.396043	3|2	0.282526
chr1	78000000	78750000	P5_INV	1|1	0.563992	7|4	0.223807	3|2	0.212202
chr1	78750000	79500000	P5_DCIS	1|1	0.321431	3|2	0.396043	3|2	0.282526
chr1	78750000	79500000	P5_INV	1|1	0.563992	3|2	0.223807	3|2	0.212202
chr1	79500000	79750000	P5_DCIS	1|1	0.321431	2|2	0.396043	2|2	0.282526
chr1	79500000	79750000	P5_INV	1|1	0.563992	2|2	0.223807	2|2	0.212202
chr1	79750000	80000000	P5_DCIS	1|1	0.321431	4|4	0.396043	2|2	0.282526
chr1	79750000	80000000	P5_INV	1|1	0.563992	4|4	0.223807	2|2	0.212202
chr1	80500000	80750000	P5_DCIS	1|1	0.321431	3|2	0.396043	3|2	0.282526
chr1	80500000	80750000	P5_INV	1|1	0.563992	3|2	0.223807	3|2	0.212202
chr1	81750000	82000000	P5_DCIS	1|1	0.321431	3|2	0.396043	3|2	0.282526
chr1	81750000	82000000	P5_INV	1|1	0.563992	3|2	0.223807	3|2	0.212202
chr1	82250000	82500000	P5_DCIS	1|1	0.321431	4|4	0.396043	2|2	0.282526
chr1	82250000	82500000	P5_INV	1|1	0.563992	4|4	0.223807	2|2	0.212202
chr1	84250000	84500000	P5_DCIS	1|1	0.321431	4|4	0.396043	2|2	0.282526
chr1	84250000	84500000	P5_INV	1|1	0.563992	4|4	0.223807	2|2	0.212202
chr1	85250000	85500000	P5_DCIS	1|1	0.321431	5|2	0.396043	4|2	0.282526
chr1	85250000	85500000	P5_INV	1|1	0.563992	5|2	0.223807	4|2	0.212202
chr1	85500000	85750000	P5_DCIS	1|1	0.321431	4|4	0.396043	2|2	0.282526
chr1	85500000	85750000	P5_INV	1|1	0.563992	4|4	0.223807	2|2	0.212202
chr1	86000000	87750000	P5_DCIS	1|1	0.321431	4|4	0.396043	2|2	0.282526
chr1	86000000	87750000	P5_INV	1|1	0.563992	4|4	0.223807	2|2	0.212202
chr1	87750000	88000000	P5_DCIS	1|1	0.321431	3|2	0.396043	3|2	0.282526
chr1	87750000	88000000	P5_INV	1|1	0.563992	3|2	0.223807	3|2	0.212202
chr1	89000000	90000000	P5_DCIS	1|1	0.321431	7|4	0.396043	3|2	0.282526
chr1	89000000	90000000	P5_INV	1|1	0.563992	7|4	0.223807	3|2	0.212202
chr1	90000000	90250000	P5_DCIS	1|1	0.321431	4|4	0.396043	2|2	0.282526
chr1	90000000	90250000	P5_INV	1|1	0.563992	4|4	0.223807	2|2	0.212202
chr1	90250000	90500000	P5_DCIS	1|1	0.321431	7|4	0.396043	3|2	0.282526
chr1	90250000	90500000	P5_INV	1|1	0.563992	7|4	0.223807	3|2	0.212202
chr1	91250000	93250000	P5_DCIS	1|1	0.321431	7|4	0.396043	3|2	0.282526
chr1	91250000	93250000	P5_INV	1|1	0.563992	7|4	0.223807	3|2	0.212202
chr1	93250000	93500000	P5_DCIS	1|1	0.321431	9|2	0.396043	2|4	0.282526
chr1	93250000	93500000	P5_INV	1|1	0.563992	9|2	0.223807	2|4	0.212202
chr1	93500000	93750000	P5_DCIS	1|1	0.321431	5|2	0.396043	4|2	0.282526
chr1	93500000	93750000	P5_INV	1|1	0.563992	5|2	0.223807	4|2	0.212202
chr1	94000000	94250000	P5_DCIS	1|1	0.321431	4|4	0.396043	4|3	0.282526
chr1	94000000	94250000	P5_INV	1|1	0.563992	4|4	0.223807	4|3	0.212202
chr1	94250000	94500000	P5_DCIS	1|1	0.321431	7|4	0.396043	3|2	0.282526
chr1	94250000	94500000	P5_INV	1|1	0.563992	7|4	0.223807	3|2	0.212202
chr1	94500000	94750000	P5_DCIS	1|1	0.321431	4|4	0.396043	2|2	0.282526
chr1	94500000	94750000	P5_INV	1|1	0.563992	4|4	0.223807	2|2	0.212202
chr1	95250000	95500000	P5_DCIS	1|1	0.321431	4|4	0.396043	2|2	0.282526
chr1	95250000	95500000	P5_INV	1|1	0.563992	4|4	0.223807	2|2	0.212202
chr1	95500000	95750000	P5_DCIS	1|1	0.321431	3|2	0.396043	3|2	0.282526
chr1	95500000	95750000	P5_INV	1|1	0.563992	3|2	0.223807	3|2	0.212202
chr1	96750000	97000000	P5_DCIS	1|1	0.321431	3|2	0.396043	3|2	0.282526
chr1	96750000	97000000	P5_INV	1|1	0.563992	3|2	0.223807	3|2	0.212202
chr1	97000000	97500000	P5_DCIS	1|1	0.321431	4|4	0.396043	2|2	0.282526
chr1	97000000	97500000	P5_INV	1|1	0.563992	4|4	0.223807	2|2	0.212202
chr1	97750000	98000000	P5_DCIS	1|1	0.321431	3|2	0.396043	3|2	0.282526
chr1	97750000	98000000	P5_INV	1|1	0.563992	3|2	0.223807	3|2	0.212202
chr1	98000000	98500000	P5_DCIS	1|1	0.321431	4|4	0.396043	2|2	0.282526
chr1	98000000	98500000	P5_INV	1|1	0.563992	4|4	0.223807	2|2	0.212202
chr1	99250000	99500000	P5_DCIS	1|1	0.321431	4|4	0.396043	2|2	0.282526
chr1	99250000	99500000	P5_INV	1|1	0.563992	4|4	0.223807	2|2	0.212202
chr1	99750000	100000000	P5_DCIS	1|1	0.321431	2|2	0.396043	2|2	0.282526
chr1	99750000	100000000	P5_INV	1|1	0.563992	2|2	0.223807	2|2	0.212202
chr1	100000000	100250000	P5_DCIS	1|1	0.321431	3|2	0.396043	3|2	0.282526
chr1	100000000	100250000	P5_INV	1|1	0.563992	3|2	0.223807	3|2	0.212202
chr1	100250000	100750000	P5_DCIS	1|1	0.321431	4|4	0.396043	2|2	0.282526
chr1	100250000	100750000	P5_INV	1|1	0.563992	4|4	0.223807	2|2	0.212202
chr1	100750000	101000000	P5_DCIS	1|1	0.321431	3|2	0.396043	3|2	0.282526
chr1	100750000	101000000	P5_INV	1|1	0.563992	3|2	0.223807	3|2	0.212202
chr1	101250000	101750000	P5_DCIS	1|1	0.321431	4|4	0.396043	2|2	0.282526
chr1	101250000	101750000	P5_INV	1|1	0.563992	4|4	0.223807	2|2	0.212202
chr1	102250000	102500000	P5_DCIS	1|1	0.321431	2|2	0.396043	2|2	0.282526
chr1	102250000	102500000	P5_INV	1|1	0.563992	2|2	0.223807	2|2	0.212202
chr1	103250000	103500000	P5_DCIS	1|1	0.321431	4|4	0.396043	2|2	0.282526
chr1	103250000	103500000	P5_INV	1|1	0.563992	4|4	0.223807	2|2	0.212202
chr1	104000000	104250000	P5_DCIS	1|1	0.321431	2|2	0.396043	2|2	0.282526
chr1	104000000	104250000	P5_INV	1|1	0.563992	2|2	0.223807	2|2	0.212202
chr1	104250000	104500000	P5_DCIS	1|1	0.321431	3|2	0.396043	3|2	0.282526
chr1	104250000	104500000	P5_INV	1|1	0.563992	3|2	0.223807	3|2	0.212202
chr1	105000000	105250000	P5_DCIS	1|1	0.321431	2|2	0.396043	3|0	0.282526
chr1	105000000	105250000	P5_INV	1|1	0.563992	2|2	0.223807	3|0	0.212202
chr1	106250000	106500000	P5_DCIS	1|1	0.321431	2|2	0.396043	2|2	0.282526
chr1	106250000	106500000	P5_INV	1|1	0.563992	2|2	0.223807	2|2	0.212202
chr1	108000000	108750000	P5_DCIS	1|1	0.321431	4|4	0.396043	2|2	0.282526
chr1	108000000	108750000	P5_INV	1|1	0.563992	4|4	0.223807	2|2	0.212202
chr1	108750000	109000000	P5_DCIS	1|1	0.321431	4|4	0.396043	4|3	0.282526
chr1	108750000	109000000	P5_INV	1|1	0.563992	4|4	0.223807	4|3	0.212202
chr1	109000000	110500000	P5_DCIS	1|1	0.321431	4|4	0.396043	2|2	0.282526
chr1	109000000	110500000	P5_INV	1|1	0.563992	4|4	0.223807	2|2	0.212202
chr1	110500000	110750000	P5_DCIS	1|1	0.321431	3|2	0.396043	3|2	0.282526
chr1	110500000	110750000	P5_INV	1|1	0.563992	3|2	0.223807	3|2	0.212202
chr1	110750000	111000000	P5_DCIS	1|1	0.321431	4|4	0.396043	2|2	0.282526
chr1	110750000	111000000	P5_INV	1|1	0.563992	4|4	0.223807	2|2	0.212202
chr1	111500000	112500000	P5_DCIS	1|1	0.321431	4|4	0.396043	2|2	0.282526
chr1	111500000	112500000	P5_INV	1|1	0.563992	4|4	0.223807	2|2	0.212202
chr1	113000000	113250000	P5_DCIS	1|1	0.321431	4|4	0.396043	2|2	0.282526
chr1	113000000	113250000	P5_INV	1|1	0.563992	4|4	0.223807	2|2	0.212202
chr1	113250000	113500000	P5_DCIS	1|1	0.321431	3|2	0.396043	3|2	0.282526
chr1	113250000	113500000	P5_INV	1|1	0.563992	3|2	0.223807	3|2	0.212202
chr1	113500000	114500000	P5_DCIS	1|1	0.321431	4|4	0.396043	2|2	0.282526
chr1	113500000	114500000	P5_INV	1|1	0.563992	4|4	0.223807	2|2	0.212202
chr1	114500000	114750000	P5_DCIS	1|1	0.321431	3|2	0.396043	3|2	0.282526
chr1	114500000	114750000	P5_INV	1|1	0.563992	3|2	0.223807	3|2	0.212202
chr1	114750000	115750000	P5_DCIS	1|1	0.321431	4|4	0.396043	2|2	0.282526
chr1	114750000	115750000	P5_INV	1|1	0.563992	4|4	0.223807	2|2	0.212202
chr1	116000000	116250000	P5_DCIS	1|1	0.321431	3|2	0.396043	3|2	0.282526
chr1	116000000	116250000	P5_INV	1|1	0.563992	3|2	0.223807	3|2	0.212202
chr1	116250000	116500000	P5_DCIS	1|1	0.321431	4|4	0.396043	2|2	0.282526
chr1	116250000	116500000	P5_INV	1|1	0.563992	4|4	0.223807	2|2	0.212202
chr1	116500000	116750000	P5_DCIS	1|1	0.321431	3|2	0.396043	3|2	0.282526
chr1	116500000	116750000	P5_INV	1|1	0.563992	3|2	0.223807	3|2	0.212202
chr1	117250000	117500000	P5_DCIS	1|1	0.321431	3|2	0.396043	3|2	0.282526
chr1	117250000	117500000	P5_INV	1|1	0.563992	3|2	0.223807	3|2	0.212202
chr1	117500000	118500000	P5_DCIS	1|1	0.321431	4|4	0.396043	2|2	0.282526
chr1	117500000	118500000	P5_INV	1|1	0.563992	4|4	0.223807	2|2	0.212202
chr1	119000000	119250000	P5_DCIS	1|1	0.321431	4|4	0.396043	2|2	0.282526
chr1	119000000	119250000	P5_INV	1|1	0.563992	4|4	0.223807	2|2	0.212202
chr1	119500000	119750000	P5_DCIS	1|1	0.321431	3|2	0.396043	3|2	0.282526
chr1	119500000	119750000	P5_INV	1|1	0.563992	3|2	0.223807	3|2	0.212202
chr1	119750000	120500000	P5_DCIS	1|1	0.321431	4|4	0.396043	2|2	0.282526
chr1	119750000	120500000	P5_INV	1|1	0.563992	4|4	0.223807	2|2	0.212202
chr1	121250000	121500000	P5_DCIS	1|1	0.321431	2|2	0.396043	6|2	0.282526
chr1	121250000	121500000	P5_INV	1|1	0.563992	2|2	0.223807	6|2	0.212202
chr1	142500000	142750000	P5_DCIS	1|1	0.321431	2|2	0.396043	3|0	0.282526
chr1	142500000	142750000	P5_INV	1|1	0.563992	2|2	0.223807	3|0	0.212202
chr1	142750000	143000000	P5_DCIS	1|1	0.321431	5|1	0.396043	3|1	0.282526
chr1	142750000	143000000	P5_INV	1|1	0.563992	5|1	0.223807	3|1	0.212202
chr1	143000000	143250000	P5_DCIS	1|1	0.321431	2|1	0.396043	5|0	0.282526
chr1	143000000	143250000	P5_INV	1|1	0.563992	2|1	0.223807	5|0	0.212202
chr1	143250000	143500000	P5_DCIS	1|1	0.321431	3|1	0.396043	3|1	0.282526
chr1	143250000	143500000	P5_INV	1|1	0.563992	3|1	0.223807	3|1	0.212202
chr1	144750000	145000000	P5_DCIS	1|1	0.321431	3|2	0.396043	3|2	0.282526
chr1	144750000	145000000	P5_INV	1|1	0.563992	3|2	0.223807	3|2	0.212202
chr1	145000000	145250000	P5_DCIS	1|1	0.321431	2|2	0.396043	6|2	0.282526
chr1	145000000	145250000	P5_INV	1|1	0.563992	2|2	0.223807	6|2	0.212202
chr1	145250000	145500000	P5_DCIS	1|1	0.321431	5|2	0.396043	4|2	0.282526
chr1	145250000	145500000	P5_INV	1|1	0.563992	5|2	0.223807	4|2	0.212202
chr1	146250000	146500000	P5_DCIS	1|1	0.321431	5|2	0.396043	4|2	0.282526
chr1	146250000	146500000	P5_INV	1|1	0.563992	5|2	0.223807	4|2	0.212202
chr1	146500000	146750000	P5_DCIS	1|1	0.321431	4|4	0.396043	4|3	0.282526
chr1	146500000	146750000	P5_INV	1|1	0.563992	4|4	0.223807	4|3	0.212202
chr1	146750000	147000000	P5_DCIS	1|1	0.321431	7|4	0.396043	3|2	0.282526
chr1	146750000	147000000	P5_INV	1|1	0.563992	7|4	0.223807	3|2	0.212202
chr1	148250000	148750000	P5_DCIS	1|1	0.321431	5|2	0.396043	4|2	0.282526
chr1	148250000	148750000	P5_INV	1|1	0.563992	5|2	0.223807	4|2	0.212202
chr1	148750000	149000000	P5_DCIS	1|1	0.321431	2|2	0.396043	2|2	0.282526
chr1	148750000	149000000	P5_INV	1|1	0.563992	2|2	0.223807	2|2	0.212202
chr1	150250000	150500000	P5_DCIS	1|1	0.321431	4|4	0.396043	4|3	0.282526
chr1	150250000	150500000	P5_INV	1|1	0.563992	4|4	0.223807	4|3	0.212202
chr1	150500000	150750000	P5_DCIS	1|1	0.321431	7|4	0.396043	3|2	0.282526
chr1	150500000	150750000	P5_INV	1|1	0.563992	7|4	0.223807	3|2	0.212202
chr1	150750000	151000000	P5_DCIS	1|1	0.321431	4|4	0.396043	10|2	0.282526
chr1	150750000	151000000	P5_INV	1|1	0.563992	4|4	0.223807	10|2	0.212202
chr1	151000000	153250000	P5_DCIS	1|1	0.321431	3|2	0.396043	3|2	0.282526
chr1	151000000	153250000	P5_INV	1|1	0.563992	3|2	0.223807	3|2	0.212202
chr1	153250000	153500000	P5_DCIS	1|1	0.321431	2|2	0.396043	2|2	0.282526
chr1	153250000	153500000	P5_INV	1|1	0.563992	2|2	0.223807	2|2	0.212202
chr1	153500000	153750000	P5_DCIS	1|1	0.321431	3|2	0.396043	3|2	0.282526
chr1	153500000	153750000	P5_INV	1|1	0.563992	3|2	0.223807	3|2	0.212202
chr1	153750000	154000000	P5_DCIS	1|1	0.321431	2|2	0.396043	6|1	0.282526
chr1	153750000	154000000	P5_INV	1|1	0.563992	2|2	0.223807	6|1	0.212202
chr1	154000000	154250000	P5_DCIS	1|1	0.321431	5|0	0.396043	8|2	0.282526
chr1	154000000	154250000	P5_INV	1|1	0.563992	5|0	0.223807	8|2	0.212202
chr1	154500000	154750000	P5_DCIS	1|1	0.321431	3|2	0.396043	3|2	0.282526
chr1	154500000	154750000	P5_INV	1|1	0.563992	3|2	0.223807	3|2	0.212202
chr1	154750000	155000000	P5_DCIS	1|1	0.321431	5|2	0.396043	4|2	0.282526
chr1	154750000	155000000	P5_INV	1|1	0.563992	5|2	0.223807	4|2	0.212202
chr1	155000000	155250000	P5_DCIS	1|1	0.321431	5|2	0.396043	2|2	0.282526
chr1	155000000	155250000	P5_INV	1|1	0.563992	5|2	0.223807	2|2	0.212202
chr1	155500000	157750000	P5_DCIS	1|1	0.321431	3|2	0.396043	3|2	0.282526
chr1	155500000	157750000	P5_INV	1|1	0.563992	3|2	0.223807	3|2	0.212202
chr1	157750000	158000000	P5_DCIS	1|1	0.321431	2|2	0.396043	2|2	0.282526
chr1	157750000	158000000	P5_INV	1|1	0.563992	2|2	0.223807	2|2	0.212202
chr1	158000000	158250000	P5_DCIS	1|1	0.321431	3|2	0.396043	3|2	0.282526
chr1	158000000	158250000	P5_INV	1|1	0.563992	3|2	0.223807	3|2	0.212202
chr1	158500000	158750000	P5_DCIS	1|1	0.321431	3|2	0.396043	3|2	0.282526
chr1	158500000	158750000	P5_INV	1|1	0.563992	3|2	0.223807	3|2	0.212202
chr1	158750000	159000000	P5_DCIS	1|1	0.321431	2|2	0.396043	2|2	0.282526
chr1	158750000	159000000	P5_INV	1|1	0.563992	2|2	0.223807	2|2	0.212202
chr1	159000000	160500000	P5_DCIS	1|1	0.321431	3|2	0.396043	3|2	0.282526
chr1	159000000	160500000	P5_INV	1|1	0.563992	3|2	0.223807	3|2	0.212202
chr1	160500000	160750000	P5_DCIS	1|1	0.321431	2|2	0.396043	2|2	0.282526
chr1	160500000	160750000	P5_INV	1|1	0.563992	2|2	0.223807	2|2	0.212202
chr1	160750000	161000000	P5_DCIS	1|1	0.321431	3|2	0.396043	3|2	0.282526
chr1	160750000	161000000	P5_INV	1|1	0.563992	3|2	0.223807	3|2	0.212202
chr1	161000000	161250000	P5_DCIS	1|1	0.321431	5|2	0.396043	2|2	0.282526
chr1	161000000	161250000	P5_INV	1|1	0.563992	5|2	0.223807	2|2	0.212202
chr1	161250000	161750000	P5_DCIS	1|1	0.321431	3|2	0.396043	3|2	0.282526
chr1	161250000	161750000	P5_INV	1|1	0.563992	3|2	0.223807	3|2	0.212202
chr1	161750000	162000000	P5_DCIS	1|1	0.321431	2|2	0.396043	2|2	0.282526
chr1	161750000	162000000	P5_INV	1|1	0.563992	2|2	0.223807	2|2	0.212202
chr1	162250000	162500000	P5_DCIS	1|1	0.321431	3|2	0.396043	3|2	0.282526
chr1	162250000	162500000	P5_INV	1|1	0.563992	3|2	0.223807	3|2	0.212202
chr1	162750000	163250000	P5_DCIS	1|1	0.321431	3|2	0.396043	3|2	0.282526
chr1	162750000	163250000	P5_INV	1|1	0.563992	3|2	0.223807	3|2	0.212202
chr1	164250000	164500000	P5_DCIS	1|1	0.321431	3|2	0.396043	3|2	0.282526
chr1	164250000	164500000	P5_INV	1|1	0.563992	3|2	0.223807	3|2	0.212202
chr1	165250000	165750000	P5_DCIS	1|1	0.321431	3|2	0.396043	3|2	0.282526
chr1	165250000	165750000	P5_INV	1|1	0.563992	3|2	0.223807	3|2	0.212202
chr1	166500000	166750000	P5_DCIS	1|1	0.321431	3|2	0.396043	3|2	0.282526
chr1	166500000	166750000	P5_INV	1|1	0.563992	3|2	0.223807	3|2	0.212202
chr1	166750000	167000000	P5_DCIS	1|1	0.321431	2|2	0.396043	2|2	0.282526
chr1	166750000	167000000	P5_INV	1|1	0.563992	2|2	0.223807	2|2	0.212202
chr1	167000000	168750000	P5_DCIS	1|1	0.321431	3|2	0.396043	3|2	0.282526
chr1	167000000	168750000	P5_INV	1|1	0.563992	3|2	0.223807	3|2	0.212202
chr1	169250000	169750000	P5_DCIS	1|1	0.321431	2|2	0.396043	2|2	0.282526
chr1	169250000	169750000	P5_INV	1|1	0.563992	2|2	0.223807	2|2	0.212202
chr1	169750000	170000000	P5_DCIS	1|1	0.321431	3|2	0.396043	3|2	0.282526
chr1	169750000	170000000	P5_INV	1|1	0.563992	3|2	0.223807	3|2	0.212202
chr1	170000000	170250000	P5_DCIS	1|1	0.321431	2|1	0.396043	2|1	0.282526
chr1	170000000	170250000	P5_INV	1|1	0.563992	2|1	0.223807	2|1	0.212202
chr1	170750000	171000000	P5_DCIS	1|1	0.321431	2|2	0.396043	2|2	0.282526
chr1	170750000	171000000	P5_INV	1|1	0.563992	2|2	0.223807	2|2	0.212202
chr1	171000000	172250000	P5_DCIS	1|1	0.321431	3|2	0.396043	3|2	0.282526
chr1	171000000	172250000	P5_INV	1|1	0.563992	3|2	0.223807	3|2	0.212202
chr1	172250000	172500000	P5_DCIS	1|1	0.321431	2|2	0.396043	2|2	0.282526
chr1	172250000	172500000	P5_INV	1|1	0.563992	2|2	0.223807	2|2	0.212202
chr1	172500000	172750000	P5_DCIS	1|1	0.321431	3|2	0.396043	3|2	0.282526
chr1	172500000	172750000	P5_INV	1|1	0.563992	3|2	0.223807	3|2	0.212202
chr1	173000000	174000000	P5_DCIS	1|1	0.321431	3|2	0.396043	3|2	0.282526
chr1	173000000	174000000	P5_INV	1|1	0.563992	3|2	0.223807	3|2	0.212202
chr1	174750000	175250000	P5_DCIS	1|1	0.321431	3|2	0.396043	3|2	0.282526
chr1	174750000	175250000	P5_INV	1|1	0.563992	3|2	0.223807	3|2	0.212202
chr1	175250000	175500000	P5_DCIS	1|1	0.321431	2|2	0.396043	2|2	0.282526
chr1	175250000	175500000	P5_INV	1|1	0.563992	2|2	0.223807	2|2	0.212202
chr1	175750000	176250000	P5_DCIS	1|1	0.321431	3|2	0.396043	3|2	0.282526
chr1	175750000	176250000	P5_INV	1|1	0.563992	3|2	0.223807	3|2	0.212202
chr1	176750000	177000000	P5_DCIS	1|1	0.321431	2|2	0.396043	2|2	0.282526
chr1	176750000	177000000	P5_INV	1|1	0.563992	2|2	0.223807	2|2	0.212202
chr1	177000000	177500000	P5_DCIS	1|1	0.321431	3|2	0.396043	3|2	0.282526
chr1	177000000	177500000	P5_INV	1|1	0.563992	3|2	0.223807	3|2	0.212202
chr1	177750000	178000000	P5_DCIS	1|1	0.321431	2|2	0.396043	2|2	0.282526
chr1	177750000	178000000	P5_INV	1|1	0.563992	2|2	0.223807	2|2	0.212202
chr1	178000000	178250000	P5_DCIS	1|1	0.321431	3|2	0.396043	3|2	0.282526
chr1	178000000	178250000	P5_INV	1|1	0.563992	3|2	0.223807	3|2	0.212202
chr1	178250000	178500000	P5_DCIS	1|1	0.321431	2|2	0.396043	2|2	0.282526
chr1	178250000	178500000	P5_INV	1|1	0.563992	2|2	0.223807	2|2	0.212202
chr1	178500000	178750000	P5_DCIS	1|1	0.321431	3|2	0.396043	3|2	0.282526
chr1	178500000	178750000	P5_INV	1|1	0.563992	3|2	0.223807	3|2	0.212202
chr1	179000000	179250000	P5_DCIS	1|1	0.321431	2|2	0.396043	6|1	0.282526
chr1	179000000	179250000	P5_INV	1|1	0.563992	2|2	0.223807	6|1	0.212202
chr1	179250000	180000000	P5_DCIS	1|1	0.321431	3|2	0.396043	3|2	0.282526
chr1	179250000	180000000	P5_INV	1|1	0.563992	3|2	0.223807	3|2	0.212202
chr1	180000000	180250000	P5_DCIS	1|1	0.321431	2|2	0.396043	2|2	0.282526
chr1	180000000	180250000	P5_INV	1|1	0.563992	2|2	0.223807	2|2	0.212202
chr1	180250000	180500000	P5_DCIS	1|1	0.321431	3|2	0.396043	3|2	0.282526
chr1	180250000	180500000	P5_INV	1|1	0.563992	3|2	0.223807	3|2	0.212202
chr1	180750000	181000000	P5_DCIS	1|1	0.321431	3|2	0.396043	3|2	0.282526
chr1	180750000	181000000	P5_INV	1|1	0.563992	3|2	0.223807	3|2	0.212202
chr1	181500000	182000000	P5_DCIS	1|1	0.321431	3|2	0.396043	3|2	0.282526
chr1	181500000	182000000	P5_INV	1|1	0.563992	3|2	0.223807	3|2	0.212202
chr1	182250000	182500000	P5_DCIS	1|1	0.321431	3|2	0.396043	3|2	0.282526
chr1	182250000	182500000	P5_INV	1|1	0.563992	3|2	0.223807	3|2	0.212202
chr1	182500000	182750000	P5_DCIS	1|1	0.321431	2|2	0.396043	2|2	0.282526
chr1	182500000	182750000	P5_INV	1|1	0.563992	2|2	0.223807	2|2	0.212202
chr1	182750000	183000000	P5_DCIS	1|1	0.321431	5|2	0.396043	2|2	0.282526
chr1	182750000	183000000	P5_INV	1|1	0.563992	5|2	0.223807	2|2	0.212202
chr1	183000000	183750000	P5_DCIS	1|1	0.321431	3|2	0.396043	3|2	0.282526
chr1	183000000	183750000	P5_INV	1|1	0.563992	3|2	0.223807	3|2	0.212202
chr1	183750000	184000000	P5_DCIS	1|1	0.321431	5|2	0.396043	2|2	0.282526
chr1	183750000	184000000	P5_INV	1|1	0.563992	5|2	0.223807	2|2	0.212202
chr1	184500000	184750000	P5_DCIS	1|1	0.321431	2|2	0.396043	2|2	0.282526
chr1	184500000	184750000	P5_INV	1|1	0.563992	2|2	0.223807	2|2	0.212202
chr1	185750000	186500000	P5_DCIS	1|1	0.321431	3|2	0.396043	3|2	0.282526
chr1	185750000	186500000	P5_INV	1|1	0.563992	3|2	0.223807	3|2	0.212202
chr1	186500000	186750000	P5_DCIS	1|1	0.321431	2|2	0.396043	2|2	0.282526
chr1	186500000	186750000	P5_INV	1|1	0.563992	2|2	0.223807	2|2	0.212202
chr1	186750000	187000000	P5_DCIS	1|1	0.321431	2|2	0.396043	3|0	0.282526
chr1	186750000	187000000	P5_INV	1|1	0.563992	2|2	0.223807	3|0	0.212202
chr1	187500000	187750000	P5_DCIS	1|1	0.321431	3|2	0.396043	3|2	0.282526
chr1	187500000	187750000	P5_INV	1|1	0.563992	3|2	0.223807	3|2	0.212202
chr1	189750000	190000000	P5_DCIS	1|1	0.321431	2|2	0.396043	2|2	0.282526
chr1	189750000	190000000	P5_INV	1|1	0.563992	2|2	0.223807	2|2	0.212202
chr1	192000000	192250000	P5_DCIS	1|1	0.321431	3|2	0.396043	3|2	0.282526
chr1	192000000	192250000	P5_INV	1|1	0.563992	3|2	0.223807	3|2	0.212202
chr1	192500000	192750000	P5_DCIS	1|1	0.321431	2|2	0.396043	2|2	0.282526
chr1	192500000	192750000	P5_INV	1|1	0.563992	2|2	0.223807	2|2	0.212202
chr1	192750000	193000000	P5_DCIS	1|1	0.321431	2|2	0.396043	3|0	0.282526
chr1	192750000	193000000	P5_INV	1|1	0.563992	2|2	0.223807	3|0	0.212202
chr1	193000000	193250000	P5_DCIS	1|1	0.321431	2|2	0.396043	2|2	0.282526
chr1	193000000	193250000	P5_INV	1|1	0.563992	2|2	0.223807	2|2	0.212202
chr1	193750000	194000000	P5_DCIS	1|1	0.321431	2|2	0.396043	2|2	0.282526
chr1	193750000	194000000	P5_INV	1|1	0.563992	2|2	0.223807	2|2	0.212202
chr1	194000000	194250000	P5_DCIS	1|1	0.321431	3|2	0.396043	3|2	0.282526
chr1	194000000	194250000	P5_INV	1|1	0.563992	3|2	0.223807	3|2	0.212202
chr1	195500000	196000000	P5_DCIS	1|1	0.321431	2|2	0.396043	2|2	0.282526
chr1	195500000	196000000	P5_INV	1|1	0.563992	2|2	0.223807	2|2	0.212202
chr1	196250000	196500000	P5_DCIS	1|1	0.321431	2|2	0.396043	3|0	0.282526
chr1	196250000	196500000	P5_INV	1|1	0.563992	2|2	0.223807	3|0	0.212202
chr1	196500000	197750000	P5_DCIS	1|1	0.321431	2|2	0.396043	2|2	0.282526
chr1	196500000	197750000	P5_INV	1|1	0.563992	2|2	0.223807	2|2	0.212202
chr1	197750000	198500000	P5_DCIS	1|1	0.321431	3|2	0.396043	3|2	0.282526
chr1	197750000	198500000	P5_INV	1|1	0.563992	3|2	0.223807	3|2	0.212202
chr1	198500000	199000000	P5_DCIS	1|1	0.321431	2|2	0.396043	2|2	0.282526
chr1	198500000	199000000	P5_INV	1|1	0.563992	2|2	0.223807	2|2	0.212202
chr1	199250000	199500000	P5_DCIS	1|1	0.321431	9|2	0.396043	2|4	0.282526
chr1	199250000	199500000	P5_INV	1|1	0.563992	9|2	0.223807	2|4	0.212202
chr1	199500000	199750000	P5_DCIS	1|1	0.321431	2|2	0.396043	2|2	0.282526
chr1	199500000	199750000	P5_INV	1|1	0.563992	2|2	0.223807	2|2	0.212202
chr1	199750000	200250000	P5_DCIS	1|1	0.321431	3|2	0.396043	3|2	0.282526
chr1	199750000	200250000	P5_INV	1|1	0.563992	3|2	0.223807	3|2	0.212202
chr1	200250000	200500000	P5_DCIS	1|1	0.321431	2|1	0.396043	5|0	0.282526
chr1	200250000	200500000	P5_INV	1|1	0.563992	2|1	0.223807	5|0	0.212202
chr1	200500000	201500000	P5_DCIS	1|1	0.321431	3|2	0.396043	3|2	0.282526
chr1	200500000	201500000	P5_INV	1|1	0.563992	3|2	0.223807	3|2	0.212202
chr1	201750000	204250000	P5_DCIS	1|1	0.321431	3|2	0.396043	3|2	0.282526
chr1	201750000	204250000	P5_INV	1|1	0.563992	3|2	0.223807	3|2	0.212202
chr1	204250000	204500000	P5_DCIS	1|1	0.321431	5|1	0.396043	3|1	0.282526
chr1	204250000	204500000	P5_INV	1|1	0.563992	5|1	0.223807	3|1	0.212202
chr1	204500000	204750000	P5_DCIS	1|1	0.321431	4|4	0.396043	2|2	0.282526
chr1	204500000	204750000	P5_INV	1|1	0.563992	4|4	0.223807	2|2	0.212202
chr1	204750000	206000000	P5_DCIS	1|1	0.321431	3|2	0.396043	3|2	0.282526
chr1	204750000	206000000	P5_INV	1|1	0.563992	3|2	0.223807	3|2	0.212202
chr1	206750000	207000000	P5_DCIS	1|1	0.321431	5|2	0.396043	2|2	0.282526
chr1	206750000	207000000	P5_INV	1|1	0.563992	5|2	0.223807	2|2	0.212202
chr1	207000000	207500000	P5_DCIS	1|1	0.321431	3|2	0.396043	3|2	0.282526
chr1	207000000	207500000	P5_INV	1|1	0.563992	3|2	0.223807	3|2	0.212202
chr1	207500000	207750000	P5_DCIS	1|1	0.321431	2|2	0.396043	2|2	0.282526
chr1	207500000	207750000	P5_INV	1|1	0.563992	2|2	0.223807	2|2	0.212202
chr1	207750000	208500000	P5_DCIS	1|1	0.321431	3|2	0.396043	3|2	0.282526
chr1	207750000	208500000	P5_INV	1|1	0.563992	3|2	0.223807	3|2	0.212202
chr1	209250000	209500000	P5_DCIS	1|1	0.321431	2|2	0.396043	2|2	0.282526
chr1	209250000	209500000	P5_INV	1|1	0.563992	2|2	0.223807	2|2	0.212202
chr1	209750000	210000000	P5_DCIS	1|1	0.321431	3|2	0.396043	3|2	0.282526
chr1	209750000	210000000	P5_INV	1|1	0.563992	3|2	0.223807	3|2	0.212202
chr1	210250000	211500000	P5_DCIS	1|1	0.321431	3|2	0.396043	3|2	0.282526
chr1	210250000	211500000	P5_INV	1|1	0.563992	3|2	0.223807	3|2	0.212202
chr1	211500000	211750000	P5_DCIS	1|1	0.321431	8|2	0.396043	2|2	0.282526
chr1	211500000	211750000	P5_INV	1|1	0.563992	8|2	0.223807	2|2	0.212202
chr1	211750000	212250000	P5_DCIS	1|1	0.321431	3|2	0.396043	3|2	0.282526
chr1	211750000	212250000	P5_INV	1|1	0.563992	3|2	0.223807	3|2	0.212202
chr1	212500000	213250000	P5_DCIS	1|1	0.321431	3|2	0.396043	3|2	0.282526
chr1	212500000	213250000	P5_INV	1|1	0.563992	3|2	0.223807	3|2	0.212202
chr1	214250000	214750000	P5_DCIS	1|1	0.321431	2|2	0.396043	2|2	0.282526
chr1	214250000	214750000	P5_INV	1|1	0.563992	2|2	0.223807	2|2	0.212202
chr1	214750000	215000000	P5_DCIS	1|1	0.321431	3|2	0.396043	3|2	0.282526
chr1	214750000	215000000	P5_INV	1|1	0.563992	3|2	0.223807	3|2	0.212202
chr1	215250000	215500000	P5_DCIS	1|1	0.321431	2|2	0.396043	2|2	0.282526
chr1	215250000	215500000	P5_INV	1|1	0.563992	2|2	0.223807	2|2	0.212202
chr1	215500000	215750000	P5_DCIS	1|1	0.321431	4|4	0.396043	2|2	0.282526
chr1	215500000	215750000	P5_INV	1|1	0.563992	4|4	0.223807	2|2	0.212202
chr1	215750000	216500000	P5_DCIS	1|1	0.321431	3|2	0.396043	3|2	0.282526
chr1	215750000	216500000	P5_INV	1|1	0.563992	3|2	0.223807	3|2	0.212202
chr1	216500000	216750000	P5_DCIS	1|1	0.321431	2|2	0.396043	2|2	0.282526
chr1	216500000	216750000	P5_INV	1|1	0.563992	2|2	0.223807	2|2	0.212202
chr1	217500000	217750000	P5_DCIS	1|1	0.321431	5|2	0.396043	2|2	0.282526
chr1	217500000	217750000	P5_INV	1|1	0.563992	5|2	0.223807	2|2	0.212202
chr1	217750000	218250000	P5_DCIS	1|1	0.321431	3|2	0.396043	3|2	0.282526
chr1	217750000	218250000	P5_INV	1|1	0.563992	3|2	0.223807	3|2	0.212202
chr1	219250000	219500000	P5_DCIS	1|1	0.321431	3|2	0.396043	3|2	0.282526
chr1	219250000	219500000	P5_INV	1|1	0.563992	3|2	0.223807	3|2	0.212202
chr1	220000000	220500000	P5_DCIS	1|1	0.321431	3|2	0.396043	3|2	0.282526
chr1	220000000	220500000	P5_INV	1|1	0.563992	3|2	0.223807	3|2	0.212202
chr1	220750000	221250000	P5_DCIS	1|1	0.321431	2|2	0.396043	2|2	0.282526
chr1	220750000	221250000	P5_INV	1|1	0.563992	2|2	0.223807	2|2	0.212202
chr1	221500000	221750000	P5_DCIS	1|1	0.321431	2|2	0.396043	2|2	0.282526
chr1	221500000	221750000	P5_INV	1|1	0.563992	2|2	0.223807	2|2	0.212202
chr1	221750000	222000000	P5_DCIS	1|1	0.321431	3|2	0.396043	3|2	0.282526
chr1	221750000	222000000	P5_INV	1|1	0.563992	3|2	0.223807	3|2	0.212202
chr1	222500000	223000000	P5_DCIS	1|1	0.321431	3|2	0.396043	3|2	0.282526
chr1	222500000	223000000	P5_INV	1|1	0.563992	3|2	0.223807	3|2	0.212202
chr1	223250000	224500000	P5_DCIS	1|1	0.321431	3|2	0.396043	3|2	0.282526
chr1	223250000	224500000	P5_INV	1|1	0.563992	3|2	0.223807	3|2	0.212202
chr1	224500000	224750000	P5_DCIS	1|1	0.321431	4|4	0.396043	2|2	0.282526
chr1	224500000	224750000	P5_INV	1|1	0.563992	4|4	0.223807	2|2	0.212202
chr1	225000000	225250000	P5_DCIS	1|1	0.321431	2|2	0.396043	3|0	0.282526
chr1	225000000	225250000	P5_INV	1|1	0.563992	2|2	0.223807	3|0	0.212202
chr1	225250000	227250000	P5_DCIS	1|1	0.321431	3|2	0.396043	3|2	0.282526
chr1	225250000	227250000	P5_INV	1|1	0.563992	3|2	0.223807	3|2	0.212202
chr1	227500000	227750000	P5_DCIS	1|1	0.321431	3|2	0.396043	3|2	0.282526
chr1	227500000	227750000	P5_INV	1|1	0.563992	3|2	0.223807	3|2	0.212202
chr1	227750000	228000000	P5_DCIS	1|1	0.321431	2|2	0.396043	2|2	0.282526
chr1	227750000	228000000	P5_INV	1|1	0.563992	2|2	0.223807	2|2	0.212202
chr1	228000000	228750000	P5_DCIS	1|1	0.321431	3|2	0.396043	3|2	0.282526
chr1	228000000	228750000	P5_INV	1|1	0.563992	3|2	0.223807	3|2	0.212202
chr1	229000000	229250000	P5_DCIS	1|1	0.321431	2|2	0.396043	3|0	0.282526
chr1	229000000	229250000	P5_INV	1|1	0.563992	2|2	0.223807	3|0	0.212202
chr1	229250000	229500000	P5_DCIS	1|1	0.321431	4|4	0.396043	2|2	0.282526
chr1	229250000	229500000	P5_INV	1|1	0.563992	4|4	0.223807	2|2	0.212202
chr1	229500000	230000000	P5_DCIS	1|1	0.321431	3|2	0.396043	3|2	0.282526
chr1	229500000	230000000	P5_INV	1|1	0.563992	3|2	0.223807	3|2	0.212202
chr1	230250000	230500000	P5_DCIS	1|1	0.321431	2|2	0.396043	2|2	0.282526
chr1	230250000	230500000	P5_INV	1|1	0.563992	2|2	0.223807	2|2	0.212202
chr1	231000000	231750000	P5_DCIS	1|1	0.321431	3|2	0.396043	3|2	0.282526
chr1	231000000	231750000	P5_INV	1|1	0.563992	3|2	0.223807	3|2	0.212202
chr1	231750000	232000000	P5_DCIS	1|1	0.321431	2|2	0.396043	6|1	0.282526
chr1	231750000	232000000	P5_INV	1|1	0.563992	2|2	0.223807	6|1	0.212202
chr1	232000000	232250000	P5_DCIS	1|1	0.321431	3|2	0.396043	3|2	0.282526
chr1	232000000	232250000	P5_INV	1|1	0.563992	3|2	0.223807	3|2	0.212202
chr1	232500000	232750000	P5_DCIS	1|1	0.321431	3|2	0.396043	3|2	0.282526
chr1	232500000	232750000	P5_INV	1|1	0.563992	3|2	0.223807	3|2	0.212202
chr1	233000000	233500000	P5_DCIS	1|1	0.321431	3|2	0.396043	3|2	0.282526
chr1	233000000	233500000	P5_INV	1|1	0.563992	3|2	0.223807	3|2	0.212202
chr1	233500000	233750000	P5_DCIS	1|1	0.321431	2|2	0.396043	3|0	0.282526
chr1	233500000	233750000	P5_INV	1|1	0.563992	2|2	0.223807	3|0	0.212202
chr1	233750000	234000000	P5_DCIS	1|1	0.321431	3|1	0.396043	3|1	0.282526
chr1	233750000	234000000	P5_INV	1|1	0.563992	3|1	0.223807	3|1	0.212202
chr1	234000000	234750000	P5_DCIS	1|1	0.321431	3|2	0.396043	3|2	0.282526
chr1	234000000	234750000	P5_INV	1|1	0.563992	3|2	0.223807	3|2	0.212202
chr1	234750000	235000000	P5_DCIS	1|1	0.321431	2|2	0.396043	2|2	0.282526
chr1	234750000	235000000	P5_INV	1|1	0.563992	2|2	0.223807	2|2	0.212202
chr1	235500000	237000000	P5_DCIS	1|1	0.321431	3|2	0.396043	3|2	0.282526
chr1	235500000	237000000	P5_INV	1|1	0.563992	3|2	0.223807	3|2	0.212202
chr1	237000000	237250000	P5_DCIS	1|1	0.321431	3|1	0.396043	3|1	0.282526
chr1	237000000	237250000	P5_INV	1|1	0.563992	3|1	0.223807	3|1	0.212202
chr1	237500000	238000000	P5_DCIS	1|1	0.321431	3|2	0.396043	3|2	0.282526
chr1	237500000	238000000	P5_INV	1|1	0.563992	3|2	0.223807	3|2	0.212202
chr1	238000000	238250000	P5_DCIS	1|1	0.321431	2|2	0.396043	2|2	0.282526
chr1	238000000	238250000	P5_INV	1|1	0.563992	2|2	0.223807	2|2	0.212202
chr1	238500000	238750000	P5_DCIS	1|1	0.321431	3|2	0.396043	3|2	0.282526
chr1	238500000	238750000	P5_INV	1|1	0.563992	3|2	0.223807	3|2	0.212202
chr1	240000000	240500000	P5_DCIS	1|1	0.321431	3|2	0.396043	3|2	0.282526
chr1	240000000	240500000	P5_INV	1|1	0.563992	3|2	0.223807	3|2	0.212202
chr1	240500000	240750000	P5_DCIS	1|1	0.321431	2|2	0.396043	5|2	0.282526
chr1	240500000	240750000	P5_INV	1|1	0.563992	2|2	0.223807	5|2	0.212202
chr1	240750000	241250000	P5_DCIS	1|1	0.321431	3|2	0.396043	3|2	0.282526
chr1	240750000	241250000	P5_INV	1|1	0.563992	3|2	0.223807	3|2	0.212202
chr1	241500000	242500000	P5_DCIS	1|1	0.321431	3|2	0.396043	3|2	0.282526
chr1	241500000	242500000	P5_INV	1|1	0.563992	3|2	0.223807	3|2	0.212202
chr1	243250000	243500000	P5_DCIS	1|1	0.321431	3|2	0.396043	3|2	0.282526
chr1	243250000	243500000	P5_INV	1|1	0.563992	3|2	0.223807	3|2	0.212202
chr1	243500000	243750000	P5_DCIS	1|1	0.321431	2|2	0.396043	3|0	0.282526
chr1	243500000	243750000	P5_INV	1|1	0.563992	2|2	0.223807	3|0	0.212202
chr1	243750000	244000000	P5_DCIS	1|1	0.321431	3|2	0.396043	3|2	0.282526
chr1	243750000	244000000	P5_INV	1|1	0.563992	3|2	0.223807	3|2	0.212202
chr1	244500000	245500000	P5_DCIS	1|1	0.321431	3|2	0.396043	3|2	0.282526
chr1	244500000	245500000	P5_INV	1|1	0.563992	3|2	0.223807	3|2	0.212202
chr1	245500000	246250000	P5_DCIS	1|1	0.321431	2|2	0.396043	2|2	0.282526
chr1	245500000	246250000	P5_INV	1|1	0.563992	2|2	0.223807	2|2	0.212202
chr1	246250000	246500000	P5_DCIS	1|1	0.321431	3|2	0.396043	3|2	0.282526
chr1	246250000	246500000	P5_INV	1|1	0.563992	3|2	0.223807	3|2	0.212202
chr1	246500000	246750000	P5_DCIS	1|1	0.321431	5|2	0.396043	2|2	0.282526
chr1	246500000	246750000	P5_INV	1|1	0.563992	5|2	0.223807	2|2	0.212202
chr1	247000000	247500000	P5_DCIS	1|1	0.321431	3|2	0.396043	3|2	0.282526
chr1	247000000	247500000	P5_INV	1|1	0.563992	3|2	0.223807	3|2	0.212202
chr1	247500000	247750000	P5_DCIS	1|1	0.321431	2|2	0.396043	2|2	0.282526
chr1	247500000	247750000	P5_INV	1|1	0.563992	2|2	0.223807	2|2	0.212202
chr1	247750000	248250000	P5_DCIS	1|1	0.321431	3|2	0.396043	3|2	0.282526
chr1	247750000	248250000	P5_INV	1|1	0.563992	3|2	0.223807	3|2	0.212202
chr1	248250000	248500000	P5_DCIS	1|1	0.321431	2|2	0.396043	2|2	0.282526
chr1	248250000	248500000	P5_INV	1|1	0.563992	2|2	0.223807	2|2	0.212202
chr1	248500000	248750000	P5_DCIS	1|1	0.321431	3|2	0.396043	3|2	0.282526
chr1	248500000	248750000	P5_INV	1|1	0.563992	3|2	0.223807	3|2	0.212202
chr1	248750000	249000000	P5_DCIS	1|1	0.321431	2|1	0.396043	2|1	0.282526
chr1	248750000	249000000	P5_INV	1|1	0.563992	2|1	0.223807	2|1	0.212202
chr1	249000000	249250000	P5_DCIS	1|1	0.321431	3|2	0.396043	3|2	0.282526
chr1	249000000	249250000	P5_INV	1|1	0.563992	3|2	0.223807	3|2	0.212202
chr10	250000	500000	P5_DCIS	1|1	0.321431	3|2	0.396043	3|2	0.282526
chr10	250000	500000	P5_INV	1|1	0.563992	3|2	0.223807	3|2	0.212202
chr10	750000	1250000	P5_DCIS	1|1	0.321431	3|2	0.396043	3|2	0.282526
chr10	750000	1250000	P5_INV	1|1	0.563992	3|2	0.223807	3|2	0.212202
chr10	1750000	2000000	P5_DCIS	1|1	0.321431	3|1	0.396043	3|1	0.282526
chr10	1750000	2000000	P5_INV	1|1	0.563992	3|1	0.223807	3|1	0.212202
chr10	3000000	3250000	P5_DCIS	1|1	0.321431	3|2	0.396043	3|2	0.282526
chr10	3000000	3250000	P5_INV	1|1	0.563992	3|2	0.223807	3|2	0.212202
chr10	4750000	5000000	P5_DCIS	1|1	0.321431	2|2	0.396043	3|0	0.282526
chr10	4750000	5000000	P5_INV	1|1	0.563992	2|2	0.223807	3|0	0.212202
chr10	5000000	5250000	P5_DCIS	1|1	0.321431	3|2	0.396043	3|2	0.282526
chr10	5000000	5250000	P5_INV	1|1	0.563992	3|2	0.223807	3|2	0.212202
chr10	5500000	6750000	P5_DCIS	1|1	0.321431	3|2	0.396043	3|2	0.282526
chr10	5500000	6750000	P5_INV	1|1	0.563992	3|2	0.223807	3|2	0.212202
chr10	6750000	7000000	P5_DCIS	1|1	0.321431	2|1	0.396043	5|0	0.282526
chr10	6750000	7000000	P5_INV	1|1	0.563992	2|1	0.223807	5|0	0.212202
chr10	7000000	7250000	P5_DCIS	1|1	0.321431	2|2	0.396043	2|2	0.282526
chr10	7000000	7250000	P5_INV	1|1	0.563992	2|2	0.223807	2|2	0.212202
chr10	7250000	8000000	P5_DCIS	1|1	0.321431	3|2	0.396043	3|2	0.282526
chr10	7250000	8000000	P5_INV	1|1	0.563992	3|2	0.223807	3|2	0.212202
chr10	8000000	8250000	P5_DCIS	1|1	0.321431	2|2	0.396043	2|2	0.282526
chr10	8000000	8250000	P5_INV	1|1	0.563992	2|2	0.223807	2|2	0.212202
chr10	8500000	8750000	P5_DCIS	1|1	0.321431	3|2	0.396043	3|2	0.282526
chr10	8500000	8750000	P5_INV	1|1	0.563992	3|2	0.223807	3|2	0.212202
chr10	9750000	10000000	P5_DCIS	1|1	0.321431	3|2	0.396043	3|2	0.282526
chr10	9750000	10000000	P5_INV	1|1	0.563992	3|2	0.223807	3|2	0.212202
chr10	10750000	11000000	P5_DCIS	1|1	0.321431	3|2	0.396043	3|2	0.282526
chr10	10750000	11000000	P5_INV	1|1	0.563992	3|2	0.223807	3|2	0.212202
chr10	11250000	11500000	P5_DCIS	1|1	0.321431	2|2	0.396043	2|2	0.282526
chr10	11250000	11500000	P5_INV	1|1	0.563992	2|2	0.223807	2|2	0.212202
chr10	11500000	12250000	P5_DCIS	1|1	0.321431	3|2	0.396043	3|2	0.282526
chr10	11500000	12250000	P5_INV	1|1	0.563992	3|2	0.223807	3|2	0.212202
chr10	12250000	12500000	P5_DCIS	1|1	0.321431	4|4	0.396043	2|2	0.282526
chr10	12250000	12500000	P5_INV	1|1	0.563992	4|4	0.223807	2|2	0.212202
chr10	12750000	13750000	P5_DCIS	1|1	0.321431	3|2	0.396043	3|2	0.282526
chr10	12750000	13750000	P5_INV	1|1	0.563992	3|2	0.223807	3|2	0.212202
chr10	14500000	16000000	P5_DCIS	1|1	0.321431	3|2	0.396043	3|2	0.282526
chr10	14500000	16000000	P5_INV	1|1	0.563992	3|2	0.223807	3|2	0.212202
chr10	16500000	16750000	P5_DCIS	1|1	0.321431	2|2	0.396043	2|2	0.282526
chr10	16500000	16750000	P5_INV	1|1	0.563992	2|2	0.223807	2|2	0.212202
chr10	16750000	17500000	P5_DCIS	1|1	0.321431	3|2	0.396043	3|2	0.282526
chr10	16750000	17500000	P5_INV	1|1	0.563992	3|2	0.223807	3|2	0.212202
chr10	18250000	19250000	P5_DCIS	1|1	0.321431	3|2	0.396043	3|2	0.282526
chr10	18250000	19250000	P5_INV	1|1	0.563992	3|2	0.223807	3|2	0.212202
chr10	20000000	20750000	P5_DCIS	1|1	0.321431	3|2	0.396043	3|2	0.282526
chr10	20000000	20750000	P5_INV	1|1	0.563992	3|2	0.223807	3|2	0.212202
chr10	21000000	21250000	P5_DCIS	1|1	0.321431	3|2	0.396043	3|2	0.282526
chr10	21000000	21250000	P5_INV	1|1	0.563992	3|2	0.223807	3|2	0.212202
chr10	21250000	21500000	P5_DCIS	1|1	0.321431	2|2	0.396043	2|2	0.282526
chr10	21250000	21500000	P5_INV	1|1	0.563992	2|2	0.223807	2|2	0.212202
chr10	21500000	22000000	P5_DCIS	1|1	0.321431	3|2	0.396043	3|2	0.282526
chr10	21500000	22000000	P5_INV	1|1	0.563992	3|2	0.223807	3|2	0.212202
chr10	22000000	22500000	P5_DCIS	1|1	0.321431	2|2	0.396043	2|2	0.282526
chr10	22000000	22500000	P5_INV	1|1	0.563992	2|2	0.223807	2|2	0.212202
chr10	22750000	23250000	P5_DCIS	1|1	0.321431	3|2	0.396043	3|2	0.282526
chr10	22750000	23250000	P5_INV	1|1	0.563992	3|2	0.223807	3|2	0.212202
chr10	23250000	23750000	P5_DCIS	1|1	0.321431	2|2	0.396043	2|2	0.282526
chr10	23250000	23750000	P5_INV	1|1	0.563992	2|2	0.223807	2|2	0.212202
chr10	24250000	25250000	P5_DCIS	1|1	0.321431	3|2	0.396043	3|2	0.282526
chr10	24250000	25250000	P5_INV	1|1	0.563992	3|2	0.223807	3|2	0.212202
chr10	25250000	25750000	P5_DCIS	1|1	0.321431	2|2	0.396043	2|2	0.282526
chr10	25250000	25750000	P5_INV	1|1	0.563992	2|2	0.223807	2|2	0.212202
chr10	26000000	26250000	P5_DCIS	1|1	0.321431	2|2	0.396043	3|0	0.282526
chr10	26000000	26250000	P5_INV	1|1	0.563992	2|2	0.223807	3|0	0.212202
chr10	26250000	26500000	P5_DCIS	1|1	0.321431	3|2	0.396043	3|2	0.282526
chr10	26250000	26500000	P5_INV	1|1	0.563992	3|2	0.223807	3|2	0.212202
chr10	26750000	27750000	P5_DCIS	1|1	0.321431	3|2	0.396043	3|2	0.282526
chr10	26750000	27750000	P5_INV	1|1	0.563992	3|2	0.223807	3|2	0.212202
chr10	28250000	28500000	P5_DCIS	1|1	0.321431	2|2	0.396043	2|2	0.282526
chr10	28250000	28500000	P5_INV	1|1	0.563992	2|2	0.223807	2|2	0.212202
chr10	28500000	28750000	P5_DCIS	1|1	0.321431	3|1	0.396043	3|1	0.282526
chr10	28500000	28750000	P5_INV	1|1	0.563992	3|1	0.223807	3|1	0.212202
chr10	28750000	29000000	P5_DCIS	1|1	0.321431	3|2	0.396043	3|2	0.282526
chr10	28750000	29000000	P5_INV	1|1	0.563992	3|2	0.223807	3|2	0.212202
chr10	29500000	30000000	P5_DCIS	1|1	0.321431	3|2	0.396043	3|2	0.282526
chr10	29500000	30000000	P5_INV	1|1	0.563992	3|2	0.223807	3|2	0.212202
chr10	30250000	30750000	P5_DCIS	1|1	0.321431	3|2	0.396043	3|2	0.282526
chr10	30250000	30750000	P5_INV	1|1	0.563992	3|2	0.223807	3|2	0.212202
chr10	30750000	31000000	P5_DCIS	1|1	0.321431	2|2	0.396043	6|1	0.282526
chr10	30750000	31000000	P5_INV	1|1	0.563992	2|2	0.223807	6|1	0.212202
chr10	31000000	31250000	P5_DCIS	1|1	0.321431	3|2	0.396043	3|2	0.282526
chr10	31000000	31250000	P5_INV	1|1	0.563992	3|2	0.223807	3|2	0.212202
chr10	31750000	33250000	P5_DCIS	1|1	0.321431	3|2	0.396043	3|2	0.282526
chr10	31750000	33250000	P5_INV	1|1	0.563992	3|2	0.223807	3|2	0.212202
chr10	33500000	33750000	P5_DCIS	1|1	0.321431	2|2	0.396043	2|2	0.282526
chr10	33500000	33750000	P5_INV	1|1	0.563992	2|2	0.223807	2|2	0.212202
chr10	34250000	34500000	P5_DCIS	1|1	0.321431	3|2	0.396043	3|2	0.282526
chr10	34250000	34500000	P5_INV	1|1	0.563992	3|2	0.223807	3|2	0.212202
chr10	35250000	35500000	P5_DCIS	1|1	0.321431	3|2	0.396043	3|2	0.282526
chr10	35250000	35500000	P5_INV	1|1	0.563992	3|2	0.223807	3|2	0.212202
chr10	36750000	37000000	P5_DCIS	1|1	0.321431	3|2	0.396043	3|2	0.282526
chr10	36750000	37000000	P5_INV	1|1	0.563992	3|2	0.223807	3|2	0.212202
chr10	37250000	37500000	P5_DCIS	1|1	0.321431	3|2	0.396043	3|2	0.282526
chr10	37250000	37500000	P5_INV	1|1	0.563992	3|2	0.223807	3|2	0.212202
chr10	37500000	37750000	P5_DCIS	1|1	0.321431	4|4	0.396043	2|2	0.282526
chr10	37500000	37750000	P5_INV	1|1	0.563992	4|4	0.223807	2|2	0.212202
chr10	37750000	38000000	P5_DCIS	1|1	0.321431	3|2	0.396043	3|2	0.282526
chr10	37750000	38000000	P5_INV	1|1	0.563992	3|2	0.223807	3|2	0.212202
chr10	38250000	38500000	P5_DCIS	1|1	0.321431	8|2	0.396043	2|2	0.282526
chr10	38250000	38500000	P5_INV	1|1	0.563992	8|2	0.223807	2|2	0.212202
chr10	38500000	39000000	P5_DCIS	1|1	0.321431	4|4	0.396043	2|2	0.282526
chr10	38500000	39000000	P5_INV	1|1	0.563992	4|4	0.223807	2|2	0.212202
chr10	39000000	39250000	P5_DCIS	1|1	0.321431	2|2	0.396043	6|2	0.282526
chr10	39000000	39250000	P5_INV	1|1	0.563992	2|2	0.223807	6|2	0.212202
chr10	42250000	42500000	P5_DCIS	1|1	0.321431	2|2	0.396043	6|2	0.282526
chr10	42250000	42500000	P5_INV	1|1	0.563992	2|2	0.223807	6|2	0.212202
chr10	42500000	42750000	P5_DCIS	1|1	0.321431	2|2	0.396043	3|0	0.282526
chr10	42500000	42750000	P5_INV	1|1	0.563992	2|2	0.223807	3|0	0.212202
chr10	42750000	43250000	P5_DCIS	1|1	0.321431	3|2	0.396043	3|2	0.282526
chr10	42750000	43250000	P5_INV	1|1	0.563992	3|2	0.223807	3|2	0.212202
chr10	43250000	43750000	P5_DCIS	1|1	0.321431	7|4	0.396043	3|2	0.282526
chr10	43250000	43750000	P5_INV	1|1	0.563992	7|4	0.223807	3|2	0.212202
chr10	44000000	44250000	P5_DCIS	1|1	0.321431	4|4	0.396043	2|2	0.282526
chr10	44000000	44250000	P5_INV	1|1	0.563992	4|4	0.223807	2|2	0.212202
chr10	44750000	45000000	P5_DCIS	1|1	0.321431	4|4	0.396043	2|2	0.282526
chr10	44750000	45000000	P5_INV	1|1	0.563992	4|4	0.223807	2|2	0.212202
chr10	45250000	45500000	P5_DCIS	1|1	0.321431	7|4	0.396043	3|2	0.282526
chr10	45250000	45500000	P5_INV	1|1	0.563992	7|4	0.223807	3|2	0.212202
chr10	45500000	45750000	P5_DCIS	1|1	0.321431	4|4	0.396043	2|2	0.282526
chr10	45500000	45750000	P5_INV	1|1	0.563992	4|4	0.223807	2|2	0.212202
chr10	46000000	46250000	P5_DCIS	1|1	0.321431	7|4	0.396043	3|2	0.282526
chr10	46000000	46250000	P5_INV	1|1	0.563992	7|4	0.223807	3|2	0.212202
chr10	46500000	46750000	P5_DCIS	1|1	0.321431	5|2	0.396043	2|2	0.282526
chr10	46500000	46750000	P5_INV	1|1	0.563992	5|2	0.223807	2|2	0.212202
chr10	47000000	47250000	P5_DCIS	1|1	0.321431	7|4	0.396043	3|2	0.282526
chr10	47000000	47250000	P5_INV	1|1	0.563992	7|4	0.223807	3|2	0.212202
chr10	49250000	49500000	P5_DCIS	1|1	0.321431	4|4	0.396043	2|2	0.282526
chr10	49250000	49500000	P5_INV	1|1	0.563992	4|4	0.223807	2|2	0.212202
chr10	49500000	50000000	P5_DCIS	1|1	0.321431	3|2	0.396043	3|2	0.282526
chr10	49500000	50000000	P5_INV	1|1	0.563992	3|2	0.223807	3|2	0.212202
chr10	50000000	50750000	P5_DCIS	1|1	0.321431	4|4	0.396043	2|2	0.282526
chr10	50000000	50750000	P5_INV	1|1	0.563992	4|4	0.223807	2|2	0.212202
chr10	50750000	51000000	P5_DCIS	1|1	0.321431	3|2	0.396043	3|2	0.282526
chr10	50750000	51000000	P5_INV	1|1	0.563992	3|2	0.223807	3|2	0.212202
chr10	52000000	52500000	P5_DCIS	1|1	0.321431	4|4	0.396043	2|2	0.282526
chr10	52000000	52500000	P5_INV	1|1	0.563992	4|4	0.223807	2|2	0.212202
chr10	52500000	52750000	P5_DCIS	1|1	0.321431	3|2	0.396043	3|2	0.282526
chr10	52500000	52750000	P5_INV	1|1	0.563992	3|2	0.223807	3|2	0.212202
chr10	53000000	53250000	P5_DCIS	1|1	0.321431	3|2	0.396043	3|2	0.282526
chr10	53000000	53250000	P5_INV	1|1	0.563992	3|2	0.223807	3|2	0.212202
chr10	53750000	54000000	P5_DCIS	1|1	0.321431	3|2	0.396043	3|2	0.282526
chr10	53750000	54000000	P5_INV	1|1	0.563992	3|2	0.223807	3|2	0.212202
chr10	54000000	54250000	P5_DCIS	1|1	0.321431	4|4	0.396043	2|2	0.282526
chr10	54000000	54250000	P5_INV	1|1	0.563992	4|4	0.223807	2|2	0.212202
chr10	54500000	54750000	P5_DCIS	1|1	0.321431	4|4	0.396043	2|2	0.282526
chr10	54500000	54750000	P5_INV	1|1	0.563992	4|4	0.223807	2|2	0.212202
chr10	55500000	56500000	P5_DCIS	1|1	0.321431	3|2	0.396043	3|2	0.282526
chr10	55500000	56500000	P5_INV	1|1	0.563992	3|2	0.223807	3|2	0.212202
chr10	57250000	57500000	P5_DCIS	1|1	0.321431	2|2	0.396043	2|2	0.282526
chr10	57250000	57500000	P5_INV	1|1	0.563992	2|2	0.223807	2|2	0.212202
chr10	58000000	58250000	P5_DCIS	1|1	0.321431	5|2	0.396043	2|2	0.282526
chr10	58000000	58250000	P5_INV	1|1	0.563992	5|2	0.223807	2|2	0.212202
chr10	59750000	60250000	P5_DCIS	1|1	0.321431	4|4	0.396043	2|2	0.282526
chr10	59750000	60250000	P5_INV	1|1	0.563992	4|4	0.223807	2|2	0.212202
chr10	60250000	60500000	P5_DCIS	1|1	0.321431	3|2	0.396043	3|2	0.282526
chr10	60250000	60500000	P5_INV	1|1	0.563992	3|2	0.223807	3|2	0.212202
chr10	60500000	61500000	P5_DCIS	1|1	0.321431	4|4	0.396043	2|2	0.282526
chr10	60500000	61500000	P5_INV	1|1	0.563992	4|4	0.223807	2|2	0.212202
chr10	61500000	61750000	P5_DCIS	1|1	0.321431	3|2	0.396043	3|2	0.282526
chr10	61500000	61750000	P5_INV	1|1	0.563992	3|2	0.223807	3|2	0.212202
chr10	61750000	62000000	P5_DCIS	1|1	0.321431	4|4	0.396043	2|2	0.282526
chr10	61750000	62000000	P5_INV	1|1	0.563992	4|4	0.223807	2|2	0.212202
chr10	62000000	62250000	P5_DCIS	1|1	0.321431	3|2	0.396043	3|2	0.282526
chr10	62000000	62250000	P5_INV	1|1	0.563992	3|2	0.223807	3|2	0.212202
chr10	62500000	62750000	P5_DCIS	1|1	0.321431	4|4	0.396043	2|2	0.282526
chr10	62500000	62750000	P5_INV	1|1	0.563992	4|4	0.223807	2|2	0.212202
chr10	63000000	63250000	P5_DCIS	1|1	0.321431	4|4	0.396043	2|2	0.282526
chr10	63000000	63250000	P5_INV	1|1	0.563992	4|4	0.223807	2|2	0.212202
chr10	63250000	63500000	P5_DCIS	1|1	0.321431	3|2	0.396043	3|2	0.282526
chr10	63250000	63500000	P5_INV	1|1	0.563992	3|2	0.223807	3|2	0.212202
chr10	63500000	63750000	P5_DCIS	1|1	0.321431	4|4	0.396043	4|3	0.282526
chr10	63500000	63750000	P5_INV	1|1	0.563992	4|4	0.223807	4|3	0.212202
chr10	63750000	64250000	P5_DCIS	1|1	0.321431	4|4	0.396043	2|2	0.282526
chr10	63750000	64250000	P5_INV	1|1	0.563992	4|4	0.223807	2|2	0.212202
chr10	64250000	64500000	P5_DCIS	1|1	0.321431	3|2	0.396043	3|2	0.282526
chr10	64250000	64500000	P5_INV	1|1	0.563992	3|2	0.223807	3|2	0.212202
chr10	64500000	64750000	P5_DCIS	1|1	0.321431	7|4	0.396043	3|2	0.282526
chr10	64500000	64750000	P5_INV	1|1	0.563992	7|4	0.223807	3|2	0.212202
chr10	64750000	65250000	P5_DCIS	1|1	0.321431	4|4	0.396043	2|2	0.282526
chr10	64750000	65250000	P5_INV	1|1	0.563992	4|4	0.223807	2|2	0.212202
chr10	65750000	66000000	P5_DCIS	1|1	0.321431	3|2	0.396043	3|2	0.282526
chr10	65750000	66000000	P5_INV	1|1	0.563992	3|2	0.223807	3|2	0.212202
chr10	67000000	67250000	P5_DCIS	1|1	0.321431	3|2	0.396043	3|2	0.282526
chr10	67000000	67250000	P5_INV	1|1	0.563992	3|2	0.223807	3|2	0.212202
chr10	67500000	67750000	P5_DCIS	1|1	0.321431	3|2	0.396043	3|2	0.282526
chr10	67500000	67750000	P5_INV	1|1	0.563992	3|2	0.223807	3|2	0.212202
chr10	68000000	68250000	P5_DCIS	1|1	0.321431	3|1	0.396043	3|1	0.282526
chr10	68000000	68250000	P5_INV	1|1	0.563992	3|1	0.223807	3|1	0.212202
chr10	68750000	69000000	P5_DCIS	1|1	0.321431	3|1	0.396043	3|1	0.282526
chr10	68750000	69000000	P5_INV	1|1	0.563992	3|1	0.223807	3|1	0.212202
chr10	69250000	69500000	P5_DCIS	1|1	0.321431	3|2	0.396043	3|2	0.282526
chr10	69250000	69500000	P5_INV	1|1	0.563992	3|2	0.223807	3|2	0.212202
chr10	69500000	70000000	P5_DCIS	1|1	0.321431	4|4	0.396043	2|2	0.282526
chr10	69500000	70000000	P5_INV	1|1	0.563992	4|4	0.223807	2|2	0.212202
chr10	70000000	71000000	P5_DCIS	1|1	0.321431	7|4	0.396043	3|2	0.282526
chr10	70000000	71000000	P5_INV	1|1	0.563992	7|4	0.223807	3|2	0.212202
chr10	71000000	71750000	P5_DCIS	1|1	0.321431	4|4	0.396043	2|2	0.282526
chr10	71000000	71750000	P5_INV	1|1	0.563992	4|4	0.223807	2|2	0.212202
chr10	71750000	72250000	P5_DCIS	1|1	0.321431	7|4	0.396043	3|2	0.282526
chr10	71750000	72250000	P5_INV	1|1	0.563992	7|4	0.223807	3|2	0.212202
chr10	72250000	72750000	P5_DCIS	1|1	0.321431	4|4	0.396043	2|2	0.282526
chr10	72250000	72750000	P5_INV	1|1	0.563992	4|4	0.223807	2|2	0.212202
chr10	73000000	73250000	P5_DCIS	1|1	0.321431	4|4	0.396043	2|2	0.282526
chr10	73000000	73250000	P5_INV	1|1	0.563992	4|4	0.223807	2|2	0.212202
chr10	73250000	73500000	P5_DCIS	1|1	0.321431	5|2	0.396043	2|2	0.282526
chr10	73250000	73500000	P5_INV	1|1	0.563992	5|2	0.223807	2|2	0.212202
chr10	73500000	74000000	P5_DCIS	1|1	0.321431	4|4	0.396043	2|2	0.282526
chr10	73500000	74000000	P5_INV	1|1	0.563992	4|4	0.223807	2|2	0.212202
chr10	74000000	74250000	P5_DCIS	1|1	0.321431	4|4	0.396043	4|3	0.282526
chr10	74000000	74250000	P5_INV	1|1	0.563992	4|4	0.223807	4|3	0.212202
chr10	75250000	75750000	P5_DCIS	1|1	0.321431	4|4	0.396043	2|2	0.282526
chr10	75250000	75750000	P5_INV	1|1	0.563992	4|4	0.223807	2|2	0.212202
chr10	75750000	76000000	P5_DCIS	1|1	0.321431	7|4	0.396043	3|2	0.282526
chr10	75750000	76000000	P5_INV	1|1	0.563992	7|4	0.223807	3|2	0.212202
chr10	76250000	76500000	P5_DCIS	1|1	0.321431	7|4	0.396043	3|2	0.282526
chr10	76250000	76500000	P5_INV	1|1	0.563992	7|4	0.223807	3|2	0.212202
chr10	76500000	77000000	P5_DCIS	1|1	0.321431	4|4	0.396043	2|2	0.282526
chr10	76500000	77000000	P5_INV	1|1	0.563992	4|4	0.223807	2|2	0.212202
chr10	77500000	78000000	P5_DCIS	1|1	0.321431	3|2	0.396043	3|2	0.282526
chr10	77500000	78000000	P5_INV	1|1	0.563992	3|2	0.223807	3|2	0.212202
chr10	78500000	79250000	P5_DCIS	1|1	0.321431	3|2	0.396043	3|2	0.282526
chr10	78500000	79250000	P5_INV	1|1	0.563992	3|2	0.223807	3|2	0.212202
chr10	79250000	79750000	P5_DCIS	1|1	0.321431	4|4	0.396043	2|2	0.282526
chr10	79250000	79750000	P5_INV	1|1	0.563992	4|4	0.223807	2|2	0.212202
chr10	79750000	80000000	P5_DCIS	1|1	0.321431	7|4	0.396043	3|2	0.282526
chr10	79750000	80000000	P5_INV	1|1	0.563992	7|4	0.223807	3|2	0.212202
chr10	80750000	81000000	P5_DCIS	1|1	0.321431	7|4	0.396043	3|2	0.282526
chr10	80750000	81000000	P5_INV	1|1	0.563992	7|4	0.223807	3|2	0.212202
chr10	81000000	81250000	P5_DCIS	1|1	0.321431	2|2	0.396043	6|1	0.282526
chr10	81000000	81250000	P5_INV	1|1	0.563992	2|2	0.223807	6|1	0.212202
chr10	81250000	81500000	P5_DCIS	1|1	0.321431	2|2	0.396043	6|2	0.282526
chr10	81250000	81500000	P5_INV	1|1	0.563992	2|2	0.223807	6|2	0.212202
chr10	81500000	81750000	P5_DCIS	1|1	0.321431	5|2	0.396043	2|2	0.282526
chr10	81500000	81750000	P5_INV	1|1	0.563992	5|2	0.223807	2|2	0.212202
chr10	81750000	82500000	P5_DCIS	1|1	0.321431	7|4	0.396043	3|2	0.282526
chr10	81750000	82500000	P5_INV	1|1	0.563992	7|4	0.223807	3|2	0.212202
chr10	82750000	83000000	P5_DCIS	1|1	0.321431	4|4	0.396043	2|2	0.282526
chr10	82750000	83000000	P5_INV	1|1	0.563992	4|4	0.223807	2|2	0.212202
chr10	83500000	83750000	P5_DCIS	1|1	0.321431	4|4	0.396043	2|2	0.282526
chr10	83500000	83750000	P5_INV	1|1	0.563992	4|4	0.223807	2|2	0.212202
chr10	84250000	84750000	P5_DCIS	1|1	0.321431	3|2	0.396043	3|2	0.282526
chr10	84250000	84750000	P5_INV	1|1	0.563992	3|2	0.223807	3|2	0.212202
chr10	85750000	86250000	P5_DCIS	1|1	0.321431	4|4	0.396043	2|2	0.282526
chr10	85750000	86250000	P5_INV	1|1	0.563992	4|4	0.223807	2|2	0.212202
chr10	86250000	86500000	P5_DCIS	1|1	0.321431	3|2	0.396043	3|2	0.282526
chr10	86250000	86500000	P5_INV	1|1	0.563992	3|2	0.223807	3|2	0.212202
chr10	88000000	88500000	P5_DCIS	1|1	0.321431	7|4	0.396043	3|2	0.282526
chr10	88000000	88500000	P5_INV	1|1	0.563992	7|4	0.223807	3|2	0.212202
chr10	88500000	89000000	P5_DCIS	1|1	0.321431	4|4	0.396043	2|2	0.282526
chr10	88500000	89000000	P5_INV	1|1	0.563992	4|4	0.223807	2|2	0.212202
chr10	89000000	89250000	P5_DCIS	1|1	0.321431	4|4	0.396043	4|3	0.282526
chr10	89000000	89250000	P5_INV	1|1	0.563992	4|4	0.223807	4|3	0.212202
chr10	89250000	89500000	P5_DCIS	1|1	0.321431	4|4	0.396043	2|2	0.282526
chr10	89250000	89500000	P5_INV	1|1	0.563992	4|4	0.223807	2|2	0.212202
chr10	89500000	89750000	P5_DCIS	1|1	0.321431	3|2	0.396043	3|2	0.282526
chr10	89500000	89750000	P5_INV	1|1	0.563992	3|2	0.223807	3|2	0.212202
chr10	90250000	90500000	P5_DCIS	1|1	0.321431	3|2	0.396043	3|2	0.282526
chr10	90250000	90500000	P5_INV	1|1	0.563992	3|2	0.223807	3|2	0.212202
chr10	90500000	91250000	P5_DCIS	1|1	0.321431	4|4	0.396043	2|2	0.282526
chr10	90500000	91250000	P5_INV	1|1	0.563992	4|4	0.223807	2|2	0.212202
chr10	91500000	91750000	P5_DCIS	1|1	0.321431	4|4	0.396043	2|2	0.282526
chr10	91500000	91750000	P5_INV	1|1	0.563992	4|4	0.223807	2|2	0.212202
chr10	92000000	92250000	P5_DCIS	1|1	0.321431	4|4	0.396043	2|2	0.282526
chr10	92000000	92250000	P5_INV	1|1	0.563992	4|4	0.223807	2|2	0.212202
chr10	92250000	92500000	P5_DCIS	1|1	0.321431	9|2	0.396043	2|4	0.282526
chr10	92250000	92500000	P5_INV	1|1	0.563992	9|2	0.223807	2|4	0.212202
chr10	92500000	92750000	P5_DCIS	1|1	0.321431	3|2	0.396043	3|2	0.282526
chr10	92500000	92750000	P5_INV	1|1	0.563992	3|2	0.223807	3|2	0.212202
chr10	92750000	93000000	P5_DCIS	1|1	0.321431	4|4	0.396043	2|2	0.282526
chr10	92750000	93000000	P5_INV	1|1	0.563992	4|4	0.223807	2|2	0.212202
chr10	93000000	93250000	P5_DCIS	1|1	0.321431	8|2	0.396043	2|2	0.282526
chr10	93000000	93250000	P5_INV	1|1	0.563992	8|2	0.223807	2|2	0.212202
chr10	93250000	94250000	P5_DCIS	1|1	0.321431	4|4	0.396043	2|2	0.282526
chr10	93250000	94250000	P5_INV	1|1	0.563992	4|4	0.223807	2|2	0.212202
chr10	94250000	94500000	P5_DCIS	1|1	0.321431	7|4	0.396043	3|2	0.282526
chr10	94250000	94500000	P5_INV	1|1	0.563992	7|4	0.223807	3|2	0.212202
chr10	94750000	95000000	P5_DCIS	1|1	0.321431	4|4	0.396043	2|2	0.282526
chr10	94750000	95000000	P5_INV	1|1	0.563992	4|4	0.223807	2|2	0.212202
chr10	95000000	95500000	P5_DCIS	1|1	0.321431	7|4	0.396043	3|2	0.282526
chr10	95000000	95500000	P5_INV	1|1	0.563992	7|4	0.223807	3|2	0.212202
chr10	95500000	95750000	P5_DCIS	1|1	0.321431	4|4	0.396043	2|2	0.282526
chr10	95500000	95750000	P5_INV	1|1	0.563992	4|4	0.223807	2|2	0.212202
chr10	95750000	96000000	P5_DCIS	1|1	0.321431	3|2	0.396043	3|2	0.282526
chr10	95750000	96000000	P5_INV	1|1	0.563992	3|2	0.223807	3|2	0.212202
chr10	96000000	96500000	P5_DCIS	1|1	0.321431	4|4	0.396043	2|2	0.282526
chr10	96000000	96500000	P5_INV	1|1	0.563992	4|4	0.223807	2|2	0.212202
chr10	96500000	96750000	P5_DCIS	1|1	0.321431	3|2	0.396043	3|2	0.282526
chr10	96500000	96750000	P5_INV	1|1	0.563992	3|2	0.223807	3|2	0.212202
chr10	96750000	97250000	P5_DCIS	1|1	0.321431	4|4	0.396043	2|2	0.282526
chr10	96750000	97250000	P5_INV	1|1	0.563992	4|4	0.223807	2|2	0.212202
chr10	97250000	97500000	P5_DCIS	1|1	0.321431	7|4	0.396043	3|2	0.282526
chr10	97250000	97500000	P5_INV	1|1	0.563992	7|4	0.223807	3|2	0.212202
chr10	97500000	97750000	P5_DCIS	1|1	0.321431	4|4	0.396043	2|2	0.282526
chr10	97500000	97750000	P5_INV	1|1	0.563992	4|4	0.223807	2|2	0.212202
chr10	98000000	98500000	P5_DCIS	1|1	0.321431	4|4	0.396043	2|2	0.282526
chr10	98000000	98500000	P5_INV	1|1	0.563992	4|4	0.223807	2|2	0.212202
chr10	98750000	99000000	P5_DCIS	1|1	0.321431	4|4	0.396043	2|2	0.282526
chr10	98750000	99000000	P5_INV	1|1	0.563992	4|4	0.223807	2|2	0.212202
chr10	99000000	99500000	P5_DCIS	1|1	0.321431	7|4	0.396043	3|2	0.282526
chr10	99000000	99500000	P5_INV	1|1	0.563992	7|4	0.223807	3|2	0.212202
chr10	99500000	99750000	P5_DCIS	1|1	0.321431	2|2	0.396043	6|1	0.282526
chr10	99500000	99750000	P5_INV	1|1	0.563992	2|2	0.223807	6|1	0.212202
chr10	99750000	100000000	P5_DCIS	1|1	0.321431	8|2	0.396043	2|2	0.282526
chr10	99750000	100000000	P5_INV	1|1	0.563992	8|2	0.223807	2|2	0.212202
chr10	100000000	100250000	P5_DCIS	1|1	0.321431	4|4	0.396043	2|2	0.282526
chr10	100000000	100250000	P5_INV	1|1	0.563992	4|4	0.223807	2|2	0.212202
chr10	100500000	100750000	P5_DCIS	1|1	0.321431	3|2	0.396043	3|2	0.282526
chr10	100500000	100750000	P5_INV	1|1	0.563992	3|2	0.223807	3|2	0.212202
chr10	101000000	102250000	P5_DCIS	1|1	0.321431	4|4	0.396043	2|2	0.282526
chr10	101000000	102250000	P5_INV	1|1	0.563992	4|4	0.223807	2|2	0.212202
chr10	102500000	103000000	P5_DCIS	1|1	0.321431	4|4	0.396043	2|2	0.282526
chr10	102500000	103000000	P5_INV	1|1	0.563992	4|4	0.223807	2|2	0.212202
chr10	103250000	103750000	P5_DCIS	1|1	0.321431	4|4	0.396043	2|2	0.282526
chr10	103250000	103750000	P5_INV	1|1	0.563992	4|4	0.223807	2|2	0.212202
chr10	103750000	104000000	P5_DCIS	1|1	0.321431	4|4	0.396043	4|3	0.282526
chr10	103750000	104000000	P5_INV	1|1	0.563992	4|4	0.223807	4|3	0.212202
chr10	104000000	105500000	P5_DCIS	1|1	0.321431	4|4	0.396043	2|2	0.282526
chr10	104000000	105500000	P5_INV	1|1	0.563992	4|4	0.223807	2|2	0.212202
chr10	105500000	105750000	P5_DCIS	1|1	0.321431	7|4	0.396043	3|2	0.282526
chr10	105500000	105750000	P5_INV	1|1	0.563992	7|4	0.223807	3|2	0.212202
chr10	105750000	106250000	P5_DCIS	1|1	0.321431	4|4	0.396043	2|2	0.282526
chr10	105750000	106250000	P5_INV	1|1	0.563992	4|4	0.223807	2|2	0.212202
chr10	106500000	107250000	P5_DCIS	1|1	0.321431	3|2	0.396043	3|2	0.282526
chr10	106500000	107250000	P5_INV	1|1	0.563992	3|2	0.223807	3|2	0.212202
chr10	107250000	107500000	P5_DCIS	1|1	0.321431	2|2	0.396043	2|2	0.282526
chr10	107250000	107500000	P5_INV	1|1	0.563992	2|2	0.223807	2|2	0.212202
chr10	108250000	108500000	P5_DCIS	1|1	0.321431	4|4	0.396043	2|2	0.282526
chr10	108250000	108500000	P5_INV	1|1	0.563992	4|4	0.223807	2|2	0.212202
chr10	108750000	109000000	P5_DCIS	1|1	0.321431	3|1	0.396043	3|1	0.282526
chr10	108750000	109000000	P5_INV	1|1	0.563992	3|1	0.223807	3|1	0.212202
chr10	111250000	111500000	P5_DCIS	1|1	0.321431	3|2	0.396043	3|2	0.282526
chr10	111250000	111500000	P5_INV	1|1	0.563992	3|2	0.223807	3|2	0.212202
chr10	112000000	112250000	P5_DCIS	1|1	0.321431	4|4	0.396043	2|2	0.282526
chr10	112000000	112250000	P5_INV	1|1	0.563992	4|4	0.223807	2|2	0.212202
chr10	112250000	112500000	P5_DCIS	1|1	0.321431	7|4	0.396043	3|2	0.282526
chr10	112250000	112500000	P5_INV	1|1	0.563992	7|4	0.223807	3|2	0.212202
chr10	112500000	113000000	P5_DCIS	1|1	0.321431	4|4	0.396043	2|2	0.282526
chr10	112500000	113000000	P5_INV	1|1	0.563992	4|4	0.223807	2|2	0.212202
chr10	114000000	114500000	P5_DCIS	1|1	0.321431	4|4	0.396043	2|2	0.282526
chr10	114000000	114500000	P5_INV	1|1	0.563992	4|4	0.223807	2|2	0.212202
chr10	114750000	115500000	P5_DCIS	1|1	0.321431	3|2	0.396043	3|2	0.282526
chr10	114750000	115500000	P5_INV	1|1	0.563992	3|2	0.223807	3|2	0.212202
chr10	115500000	115750000	P5_DCIS	1|1	0.321431	4|4	0.396043	2|2	0.282526
chr10	115500000	115750000	P5_INV	1|1	0.563992	4|4	0.223807	2|2	0.212202
chr10	115750000	116000000	P5_DCIS	1|1	0.321431	7|4	0.396043	3|2	0.282526
chr10	115750000	116000000	P5_INV	1|1	0.563992	7|4	0.223807	3|2	0.212202
chr10	116000000	116250000	P5_DCIS	1|1	0.321431	4|4	0.396043	2|2	0.282526
chr10	116000000	116250000	P5_INV	1|1	0.563992	4|4	0.223807	2|2	0.212202
chr10	116250000	116500000	P5_DCIS	1|1	0.321431	3|2	0.396043	3|2	0.282526
chr10	116250000	116500000	P5_INV	1|1	0.563992	3|2	0.223807	3|2	0.212202
chr10	116500000	116750000	P5_DCIS	1|1	0.321431	4|4	0.396043	2|2	0.282526
chr10	116500000	116750000	P5_INV	1|1	0.563992	4|4	0.223807	2|2	0.212202
chr10	117750000	118000000	P5_DCIS	1|1	0.321431	3|2	0.396043	3|2	0.282526
chr10	117750000	118000000	P5_INV	1|1	0.563992	3|2	0.223807	3|2	0.212202
chr10	119000000	119250000	P5_DCIS	1|1	0.321431	3|2	0.396043	3|2	0.282526
chr10	119000000	119250000	P5_INV	1|1	0.563992	3|2	0.223807	3|2	0.212202
chr10	119750000	120000000	P5_DCIS	1|1	0.321431	3|2	0.396043	3|2	0.282526
chr10	119750000	120000000	P5_INV	1|1	0.563992	3|2	0.223807	3|2	0.212202
chr10	120250000	121500000	P5_DCIS	1|1	0.321431	3|2	0.396043	3|2	0.282526
chr10	120250000	121500000	P5_INV	1|1	0.563992	3|2	0.223807	3|2	0.212202
chr10	121750000	122000000	P5_DCIS	1|1	0.321431	3|2	0.396043	3|2	0.282526
chr10	121750000	122000000	P5_INV	1|1	0.563992	3|2	0.223807	3|2	0.212202
chr10	122250000	122500000	P5_DCIS	1|1	0.321431	3|2	0.396043	3|2	0.282526
chr10	122250000	122500000	P5_INV	1|1	0.563992	3|2	0.223807	3|2	0.212202
chr10	122750000	125250000	P5_DCIS	1|1	0.321431	3|2	0.396043	3|2	0.282526
chr10	122750000	125250000	P5_INV	1|1	0.563992	3|2	0.223807	3|2	0.212202
chr10	125500000	126750000	P5_DCIS	1|1	0.321431	3|2	0.396043	3|2	0.282526
chr10	125500000	126750000	P5_INV	1|1	0.563992	3|2	0.223807	3|2	0.212202
chr10	127250000	128250000	P5_DCIS	1|1	0.321431	3|2	0.396043	3|2	0.282526
chr10	127250000	128250000	P5_INV	1|1	0.563992	3|2	0.223807	3|2	0.212202
chr10	128750000	129250000	P5_DCIS	1|1	0.321431	3|2	0.396043	3|2	0.282526
chr10	128750000	129250000	P5_INV	1|1	0.563992	3|2	0.223807	3|2	0.212202
chr10	129500000	130000000	P5_DCIS	1|1	0.321431	3|2	0.396043	3|2	0.282526
chr10	129500000	130000000	P5_INV	1|1	0.563992	3|2	0.223807	3|2	0.212202
chr10	131500000	131750000	P5_DCIS	1|1	0.321431	2|2	0.396043	2|2	0.282526
chr10	131500000	131750000	P5_INV	1|1	0.563992	2|2	0.223807	2|2	0.212202
chr10	131750000	132250000	P5_DCIS	1|1	0.321431	3|2	0.396043	3|2	0.282526
chr10	131750000	132250000	P5_INV	1|1	0.563992	3|2	0.223807	3|2	0.212202
chr10	132250000	132500000	P5_DCIS	1|1	0.321431	2|1	0.396043	2|1	0.282526
chr10	132250000	132500000	P5_INV	1|1	0.563992	2|1	0.223807	2|1	0.212202
chr10	132750000	133000000	P5_DCIS	1|1	0.321431	3|2	0.396043	3|2	0.282526
chr10	132750000	133000000	P5_INV	1|1	0.563992	3|2	0.223807	3|2	0.212202
chr10	133750000	135500000	P5_DCIS	1|1	0.321431	3|2	0.396043	3|2	0.282526
chr10	133750000	135500000	P5_INV	1|1	0.563992	3|2	0.223807	3|2	0.212202
chr10	135500000	135534747	P5_DCIS	1|1	0.321431	2|1	0.396043	5|0	0.282526
chr10	135500000	135534747	P5_INV	1|1	0.563992	2|1	0.223807	5|0	0.212202
chr11	1	250000	P5_DCIS	1|1	0.321431	3|2	0.396043	3|2	0.282526
chr11	1	250000	P5_INV	1|1	0.563992	3|2	0.223807	3|2	0.212202
chr11	250000	1000000	P5_DCIS	1|1	0.321431	2|1	0.396043	2|1	0.282526
chr11	250000	1000000	P5_INV	1|1	0.563992	2|1	0.223807	2|1	0.212202
chr11	1000000	1250000	P5_DCIS	1|1	0.321431	3|2	0.396043	3|2	0.282526
chr11	1000000	1250000	P5_INV	1|1	0.563992	3|2	0.223807	3|2	0.212202
chr11	1250000	1750000	P5_DCIS	1|1	0.321431	2|1	0.396043	2|1	0.282526
chr11	1250000	1750000	P5_INV	1|1	0.563992	2|1	0.223807	2|1	0.212202
chr11	1750000	2000000	P5_DCIS	1|1	0.321431	3|1	0.396043	3|1	0.282526
chr11	1750000	2000000	P5_INV	1|1	0.563992	3|1	0.223807	3|1	0.212202
chr11	2000000	3250000	P5_DCIS	1|1	0.321431	2|1	0.396043	2|1	0.282526
chr11	2000000	3250000	P5_INV	1|1	0.563992	2|1	0.223807	2|1	0.212202
chr11	3250000	3500000	P5_DCIS	1|1	0.321431	3|2	0.396043	3|2	0.282526
chr11	3250000	3500000	P5_INV	1|1	0.563992	3|2	0.223807	3|2	0.212202
chr11	3500000	3750000	P5_DCIS	1|1	0.321431	2|1	0.396043	2|1	0.282526
chr11	3500000	3750000	P5_INV	1|1	0.563992	2|1	0.223807	2|1	0.212202
chr11	3750000	4000000	P5_DCIS	1|1	0.321431	3|1	0.396043	3|1	0.282526
chr11	3750000	4000000	P5_INV	1|1	0.563992	3|1	0.223807	3|1	0.212202
chr11	4000000	4250000	P5_DCIS	1|1	0.321431	3|2	0.396043	3|2	0.282526
chr11	4000000	4250000	P5_INV	1|1	0.563992	3|2	0.223807	3|2	0.212202
chr11	4250000	4500000	P5_DCIS	1|1	0.321431	2|1	0.396043	5|0	0.282526
chr11	4250000	4500000	P5_INV	1|1	0.563992	2|1	0.223807	5|0	0.212202
chr11	4500000	5500000	P5_DCIS	1|1	0.321431	2|1	0.396043	2|1	0.282526
chr11	4500000	5500000	P5_INV	1|1	0.563992	2|1	0.223807	2|1	0.212202
chr11	5500000	5750000	P5_DCIS	1|1	0.321431	3|1	0.396043	3|1	0.282526
chr11	5500000	5750000	P5_INV	1|1	0.563992	3|1	0.223807	3|1	0.212202
chr11	5750000	6000000	P5_DCIS	1|1	0.321431	2|1	0.396043	2|1	0.282526
chr11	5750000	6000000	P5_INV	1|1	0.563992	2|1	0.223807	2|1	0.212202
chr11	6000000	6250000	P5_DCIS	1|1	0.321431	3|1	0.396043	3|1	0.282526
chr11	6000000	6250000	P5_INV	1|1	0.563992	3|1	0.223807	3|1	0.212202
chr11	6250000	6750000	P5_DCIS	1|1	0.321431	5|1	0.396043	3|1	0.282526
chr11	6250000	6750000	P5_INV	1|1	0.563992	5|1	0.223807	3|1	0.212202
chr11	6750000	7250000	P5_DCIS	1|1	0.321431	3|1	0.396043	3|1	0.282526
chr11	6750000	7250000	P5_INV	1|1	0.563992	3|1	0.223807	3|1	0.212202
chr11	7250000	7500000	P5_DCIS	1|1	0.321431	2|1	0.396043	5|0	0.282526
chr11	7250000	7500000	P5_INV	1|1	0.563992	2|1	0.223807	5|0	0.212202
chr11	7500000	8750000	P5_DCIS	1|1	0.321431	3|1	0.396043	3|1	0.282526
chr11	7500000	8750000	P5_INV	1|1	0.563992	3|1	0.223807	3|1	0.212202
chr11	8750000	9250000	P5_DCIS	1|1	0.321431	5|1	0.396043	3|1	0.282526
chr11	8750000	9250000	P5_INV	1|1	0.563992	5|1	0.223807	3|1	0.212202
chr11	9250000	10250000	P5_DCIS	1|1	0.321431	3|1	0.396043	3|1	0.282526
chr11	9250000	10250000	P5_INV	1|1	0.563992	3|1	0.223807	3|1	0.212202
chr11	10250000	10500000	P5_DCIS	1|1	0.321431	5|1	0.396043	3|1	0.282526
chr11	10250000	10500000	P5_INV	1|1	0.563992	5|1	0.223807	3|1	0.212202
chr11	10500000	11500000	P5_DCIS	1|1	0.321431	3|1	0.396043	3|1	0.282526
chr11	10500000	11500000	P5_INV	1|1	0.563992	3|1	0.223807	3|1	0.212202
chr11	11750000	13000000	P5_DCIS	1|1	0.321431	3|1	0.396043	3|1	0.282526
chr11	11750000	13000000	P5_INV	1|1	0.563992	3|1	0.223807	3|1	0.212202
chr11	13250000	13500000	P5_DCIS	1|1	0.321431	2|1	0.396043	5|0	0.282526
chr11	13250000	13500000	P5_INV	1|1	0.563992	2|1	0.223807	5|0	0.212202
chr11	13500000	13750000	P5_DCIS	1|1	0.321431	2|1	0.396043	2|1	0.282526
chr11	13500000	13750000	P5_INV	1|1	0.563992	2|1	0.223807	2|1	0.212202
chr11	13750000	14000000	P5_DCIS	1|1	0.321431	3|1	0.396043	3|1	0.282526
chr11	13750000	14000000	P5_INV	1|1	0.563992	3|1	0.223807	3|1	0.212202
chr11	15000000	15250000	P5_DCIS	1|1	0.321431	3|1	0.396043	3|1	0.282526
chr11	15000000	15250000	P5_INV	1|1	0.563992	3|1	0.223807	3|1	0.212202
chr11	15250000	15500000	P5_DCIS	1|1	0.321431	2|1	0.396043	5|0	0.282526
chr11	15250000	15500000	P5_INV	1|1	0.563992	2|1	0.223807	5|0	0.212202
chr11	16000000	16250000	P5_DCIS	1|1	0.321431	3|1	0.396043	3|1	0.282526
chr11	16000000	16250000	P5_INV	1|1	0.563992	3|1	0.223807	3|1	0.212202
chr11	16250000	16500000	P5_DCIS	1|1	0.321431	2|1	0.396043	5|0	0.282526
chr11	16250000	16500000	P5_INV	1|1	0.563992	2|1	0.223807	5|0	0.212202
chr11	16750000	19500000	P5_DCIS	1|1	0.321431	3|1	0.396043	3|1	0.282526
chr11	16750000	19500000	P5_INV	1|1	0.563992	3|1	0.223807	3|1	0.212202
chr11	19750000	20000000	P5_DCIS	1|1	0.321431	3|1	0.396043	3|1	0.282526
chr11	19750000	20000000	P5_INV	1|1	0.563992	3|1	0.223807	3|1	0.212202
chr11	20000000	20250000	P5_DCIS	1|1	0.321431	2|2	0.396043	2|2	0.282526
chr11	20000000	20250000	P5_INV	1|1	0.563992	2|2	0.223807	2|2	0.212202
chr11	20500000	21000000	P5_DCIS	1|1	0.321431	4|4	0.396043	2|2	0.282526
chr11	20500000	21000000	P5_INV	1|1	0.563992	4|4	0.223807	2|2	0.212202
chr11	22000000	22250000	P5_DCIS	1|1	0.321431	3|2	0.396043	3|2	0.282526
chr11	22000000	22250000	P5_INV	1|1	0.563992	3|2	0.223807	3|2	0.212202
chr11	22250000	22500000	P5_DCIS	1|1	0.321431	4|4	0.396043	2|2	0.282526
chr11	22250000	22500000	P5_INV	1|1	0.563992	4|4	0.223807	2|2	0.212202
chr11	22500000	22750000	P5_DCIS	1|1	0.321431	3|2	0.396043	3|2	0.282526
chr11	22500000	22750000	P5_INV	1|1	0.563992	3|2	0.223807	3|2	0.212202
chr11	23250000	23500000	P5_DCIS	1|1	0.321431	3|2	0.396043	3|2	0.282526
chr11	23250000	23500000	P5_INV	1|1	0.563992	3|2	0.223807	3|2	0.212202
chr11	23500000	23750000	P5_DCIS	1|1	0.321431	2|2	0.396043	2|2	0.282526
chr11	23500000	23750000	P5_INV	1|1	0.563992	2|2	0.223807	2|2	0.212202
chr11	24250000	24500000	P5_DCIS	1|1	0.321431	4|4	0.396043	2|2	0.282526
chr11	24250000	24500000	P5_INV	1|1	0.563992	4|4	0.223807	2|2	0.212202
chr11	24750000	25000000	P5_DCIS	1|1	0.321431	4|4	0.396043	2|2	0.282526
chr11	24750000	25000000	P5_INV	1|1	0.563992	4|4	0.223807	2|2	0.212202
chr11	25000000	25250000	P5_DCIS	1|1	0.321431	3|2	0.396043	3|2	0.282526
chr11	25000000	25250000	P5_INV	1|1	0.563992	3|2	0.223807	3|2	0.212202
chr11	26000000	26250000	P5_DCIS	1|1	0.321431	3|2	0.396043	3|2	0.282526
chr11	26000000	26250000	P5_INV	1|1	0.563992	3|2	0.223807	3|2	0.212202
chr11	26500000	26750000	P5_DCIS	1|1	0.321431	4|4	0.396043	2|2	0.282526
chr11	26500000	26750000	P5_INV	1|1	0.563992	4|4	0.223807	2|2	0.212202
chr11	27000000	27750000	P5_DCIS	1|1	0.321431	4|4	0.396043	2|2	0.282526
chr11	27000000	27750000	P5_INV	1|1	0.563992	4|4	0.223807	2|2	0.212202
chr11	28000000	28250000	P5_DCIS	1|1	0.321431	2|2	0.396043	2|2	0.282526
chr11	28000000	28250000	P5_INV	1|1	0.563992	2|2	0.223807	2|2	0.212202
chr11	30750000	31250000	P5_DCIS	1|1	0.321431	3|2	0.396043	3|2	0.282526
chr11	30750000	31250000	P5_INV	1|1	0.563992	3|2	0.223807	3|2	0.212202
chr11	31250000	31750000	P5_DCIS	1|1	0.321431	4|4	0.396043	2|2	0.282526
chr11	31250000	31750000	P5_INV	1|1	0.563992	4|4	0.223807	2|2	0.212202
chr11	31750000	32000000	P5_DCIS	1|1	0.321431	3|2	0.396043	3|2	0.282526
chr11	31750000	32000000	P5_INV	1|1	0.563992	3|2	0.223807	3|2	0.212202
chr11	32250000	32500000	P5_DCIS	1|1	0.321431	3|2	0.396043	3|2	0.282526
chr11	32250000	32500000	P5_INV	1|1	0.563992	3|2	0.223807	3|2	0.212202
chr11	32500000	33250000	P5_DCIS	1|1	0.321431	4|4	0.396043	2|2	0.282526
chr11	32500000	33250000	P5_INV	1|1	0.563992	4|4	0.223807	2|2	0.212202
chr11	33500000	34000000	P5_DCIS	1|1	0.321431	4|4	0.396043	2|2	0.282526
chr11	33500000	34000000	P5_INV	1|1	0.563992	4|4	0.223807	2|2	0.212202
chr11	34000000	34250000	P5_DCIS	1|1	0.321431	3|2	0.396043	3|2	0.282526
chr11	34000000	34250000	P5_INV	1|1	0.563992	3|2	0.223807	3|2	0.212202
chr11	34250000	36750000	P5_DCIS	1|1	0.321431	4|4	0.396043	2|2	0.282526
chr11	34250000	36750000	P5_INV	1|1	0.563992	4|4	0.223807	2|2	0.212202
chr11	38250000	38500000	P5_DCIS	1|1	0.321431	2|2	0.396043	3|0	0.282526
chr11	38250000	38500000	P5_INV	1|1	0.563992	2|2	0.223807	3|0	0.212202
chr11	39750000	40000000	P5_DCIS	1|1	0.321431	2|2	0.396043	5|2	0.282526
chr11	39750000	40000000	P5_INV	1|1	0.563992	2|2	0.223807	5|2	0.212202
chr11	40250000	40500000	P5_DCIS	1|1	0.321431	2|2	0.396043	5|2	0.282526
chr11	40250000	40500000	P5_INV	1|1	0.563992	2|2	0.223807	5|2	0.212202
chr11	43250000	44000000	P5_DCIS	1|1	0.321431	3|2	0.396043	3|2	0.282526
chr11	43250000	44000000	P5_INV	1|1	0.563992	3|2	0.223807	3|2	0.212202
chr11	44250000	44500000	P5_DCIS	1|1	0.321431	7|4	0.396043	3|2	0.282526
chr11	44250000	44500000	P5_INV	1|1	0.563992	7|4	0.223807	3|2	0.212202
chr11	44500000	44750000	P5_DCIS	1|1	0.321431	4|4	0.396043	2|2	0.282526
chr11	44500000	44750000	P5_INV	1|1	0.563992	4|4	0.223807	2|2	0.212202
chr11	44750000	45000000	P5_DCIS	1|1	0.321431	7|4	0.396043	3|2	0.282526
chr11	44750000	45000000	P5_INV	1|1	0.563992	7|4	0.223807	3|2	0.212202
chr11	45500000	45750000	P5_DCIS	1|1	0.321431	7|4	0.396043	3|2	0.282526
chr11	45500000	45750000	P5_INV	1|1	0.563992	7|4	0.223807	3|2	0.212202
chr11	45750000	46000000	P5_DCIS	1|1	0.321431	4|4	0.396043	2|2	0.282526
chr11	45750000	46000000	P5_INV	1|1	0.563992	4|4	0.223807	2|2	0.212202
chr11	46000000	46250000	P5_DCIS	1|1	0.321431	2|2	0.396043	6|1	0.282526
chr11	46000000	46250000	P5_INV	1|1	0.563992	2|2	0.223807	6|1	0.212202
chr11	46250000	46500000	P5_DCIS	1|1	0.321431	7|4	0.396043	3|2	0.282526
chr11	46250000	46500000	P5_INV	1|1	0.563992	7|4	0.223807	3|2	0.212202
chr11	46750000	47000000	P5_DCIS	1|1	0.321431	3|2	0.396043	3|2	0.282526
chr11	46750000	47000000	P5_INV	1|1	0.563992	3|2	0.223807	3|2	0.212202
chr11	47250000	48000000	P5_DCIS	1|1	0.321431	4|4	0.396043	2|2	0.282526
chr11	47250000	48000000	P5_INV	1|1	0.563992	4|4	0.223807	2|2	0.212202
chr11	48000000	49000000	P5_DCIS	1|1	0.321431	3|2	0.396043	3|2	0.282526
chr11	48000000	49000000	P5_INV	1|1	0.563992	3|2	0.223807	3|2	0.212202
chr11	49000000	49250000	P5_DCIS	1|1	0.321431	2|2	0.396043	2|2	0.282526
chr11	49000000	49250000	P5_INV	1|1	0.563992	2|2	0.223807	2|2	0.212202
chr11	49250000	49500000	P5_DCIS	1|1	0.321431	3|2	0.396043	3|2	0.282526
chr11	49250000	49500000	P5_INV	1|1	0.563992	3|2	0.223807	3|2	0.212202
chr11	49500000	49750000	P5_DCIS	1|1	0.321431	2|2	0.396043	3|0	0.282526
chr11	49500000	49750000	P5_INV	1|1	0.563992	2|2	0.223807	3|0	0.212202
chr11	49750000	50000000	P5_DCIS	1|1	0.321431	2|2	0.396043	2|2	0.282526
chr11	49750000	50000000	P5_INV	1|1	0.563992	2|2	0.223807	2|2	0.212202
chr11	50000000	50250000	P5_DCIS	1|1	0.321431	3|2	0.396043	3|2	0.282526
chr11	50000000	50250000	P5_INV	1|1	0.563992	3|2	0.223807	3|2	0.212202
chr11	50250000	50500000	P5_DCIS	1|1	0.321431	4|4	0.396043	2|2	0.282526
chr11	50250000	50500000	P5_INV	1|1	0.563992	4|4	0.223807	2|2	0.212202
chr11	51250000	51500000	P5_DCIS	1|1	0.321431	3|2	0.396043	3|2	0.282526
chr11	51250000	51500000	P5_INV	1|1	0.563992	3|2	0.223807	3|2	0.212202
chr11	51500000	51750000	P5_DCIS	1|1	0.321431	4|4	0.396043	2|2	0.282526
chr11	51500000	51750000	P5_INV	1|1	0.563992	4|4	0.223807	2|2	0.212202
chr11	55000000	56500000	P5_DCIS	1|1	0.321431	3|2	0.396043	3|2	0.282526
chr11	55000000	56500000	P5_INV	1|1	0.563992	3|2	0.223807	3|2	0.212202
chr11	56500000	56750000	P5_DCIS	1|1	0.321431	2|2	0.396043	5|2	0.282526
chr11	56500000	56750000	P5_INV	1|1	0.563992	2|2	0.223807	5|2	0.212202
chr11	56750000	57500000	P5_DCIS	1|1	0.321431	4|4	0.396043	2|2	0.282526
chr11	56750000	57500000	P5_INV	1|1	0.563992	4|4	0.223807	2|2	0.212202
chr11	57500000	57750000	P5_DCIS	1|1	0.321431	7|4	0.396043	3|2	0.282526
chr11	57500000	57750000	P5_INV	1|1	0.563992	7|4	0.223807	3|2	0.212202
chr11	57750000	58000000	P5_DCIS	1|1	0.321431	4|4	0.396043	2|2	0.282526
chr11	57750000	58000000	P5_INV	1|1	0.563992	4|4	0.223807	2|2	0.212202
chr11	58000000	58500000	P5_DCIS	1|1	0.321431	3|2	0.396043	3|2	0.282526
chr11	58000000	58500000	P5_INV	1|1	0.563992	3|2	0.223807	3|2	0.212202
chr11	58500000	59500000	P5_DCIS	1|1	0.321431	4|4	0.396043	2|2	0.282526
chr11	58500000	59500000	P5_INV	1|1	0.563992	4|4	0.223807	2|2	0.212202
chr11	59500000	60000000	P5_DCIS	1|1	0.321431	3|2	0.396043	3|2	0.282526
chr11	59500000	60000000	P5_INV	1|1	0.563992	3|2	0.223807	3|2	0.212202
chr11	60000000	60750000	P5_DCIS	1|1	0.321431	4|4	0.396043	2|2	0.282526
chr11	60000000	60750000	P5_INV	1|1	0.563992	4|4	0.223807	2|2	0.212202
chr11	60750000	61000000	P5_DCIS	1|1	0.321431	7|4	0.396043	3|2	0.282526
chr11	60750000	61000000	P5_INV	1|1	0.563992	7|4	0.223807	3|2	0.212202
chr11	61000000	62500000	P5_DCIS	1|1	0.321431	4|4	0.396043	2|2	0.282526
chr11	61000000	62500000	P5_INV	1|1	0.563992	4|4	0.223807	2|2	0.212202
chr11	62500000	62750000	P5_DCIS	1|1	0.321431	7|4	0.396043	3|2	0.282526
chr11	62500000	62750000	P5_INV	1|1	0.563992	7|4	0.223807	3|2	0.212202
chr11	62750000	63500000	P5_DCIS	1|1	0.321431	4|4	0.396043	2|2	0.282526
chr11	62750000	63500000	P5_INV	1|1	0.563992	4|4	0.223807	2|2	0.212202
chr11	63750000	64000000	P5_DCIS	1|1	0.321431	4|4	0.396043	2|2	0.282526
chr11	63750000	64000000	P5_INV	1|1	0.563992	4|4	0.223807	2|2	0.212202
chr11	64000000	64250000	P5_DCIS	1|1	0.321431	4|4	0.396043	4|3	0.282526
chr11	64000000	64250000	P5_INV	1|1	0.563992	4|4	0.223807	4|3	0.212202
chr11	64250000	65000000	P5_DCIS	1|1	0.321431	4|4	0.396043	2|2	0.282526
chr11	64250000	65000000	P5_INV	1|1	0.563992	4|4	0.223807	2|2	0.212202
chr11	65000000	65250000	P5_DCIS	1|1	0.321431	7|4	0.396043	3|2	0.282526
chr11	65000000	65250000	P5_INV	1|1	0.563992	7|4	0.223807	3|2	0.212202
chr11	65250000	65500000	P5_DCIS	1|1	0.321431	4|4	0.396043	4|3	0.282526
chr11	65250000	65500000	P5_INV	1|1	0.563992	4|4	0.223807	4|3	0.212202
chr11	65500000	66500000	P5_DCIS	1|1	0.321431	4|4	0.396043	2|2	0.282526
chr11	65500000	66500000	P5_INV	1|1	0.563992	4|4	0.223807	2|2	0.212202
chr11	66500000	66750000	P5_DCIS	1|1	0.321431	7|4	0.396043	3|2	0.282526
chr11	66500000	66750000	P5_INV	1|1	0.563992	7|4	0.223807	3|2	0.212202
chr11	67000000	67250000	P5_DCIS	1|1	0.321431	4|4	0.396043	4|3	0.282526
chr11	67000000	67250000	P5_INV	1|1	0.563992	4|4	0.223807	4|3	0.212202
chr11	67250000	67750000	P5_DCIS	1|1	0.321431	7|4	0.396043	3|2	0.282526
chr11	67250000	67750000	P5_INV	1|1	0.563992	7|4	0.223807	3|2	0.212202
chr11	67750000	68250000	P5_DCIS	1|1	0.321431	4|4	0.396043	2|2	0.282526
chr11	67750000	68250000	P5_INV	1|1	0.563992	4|4	0.223807	2|2	0.212202
chr11	68500000	69250000	P5_DCIS	1|1	0.321431	4|4	0.396043	2|2	0.282526
chr11	68500000	69250000	P5_INV	1|1	0.563992	4|4	0.223807	2|2	0.212202
chr11	69500000	70500000	P5_DCIS	1|1	0.321431	7|4	0.396043	3|2	0.282526
chr11	69500000	70500000	P5_INV	1|1	0.563992	7|4	0.223807	3|2	0.212202
chr11	71000000	71750000	P5_DCIS	1|1	0.321431	7|4	0.396043	3|2	0.282526
chr11	71000000	71750000	P5_INV	1|1	0.563992	7|4	0.223807	3|2	0.212202
chr11	71750000	72000000	P5_DCIS	1|1	0.321431	4|4	0.396043	2|2	0.282526
chr11	71750000	72000000	P5_INV	1|1	0.563992	4|4	0.223807	2|2	0.212202
chr11	72250000	72500000	P5_DCIS	1|1	0.321431	9|1	0.396043	2|1	0.282526
chr11	72250000	72500000	P5_INV	1|1	0.563992	9|1	0.223807	2|1	0.212202
chr11	72750000	73000000	P5_DCIS	1|1	0.321431	9|2	0.396043	2|4	0.282526
chr11	72750000	73000000	P5_INV	1|1	0.563992	9|2	0.223807	2|4	0.212202
chr11	73000000	73250000	P5_DCIS	1|1	0.321431	7|4	0.396043	3|2	0.282526
chr11	73000000	73250000	P5_INV	1|1	0.563992	7|4	0.223807	3|2	0.212202
chr11	73500000	73750000	P5_DCIS	1|1	0.321431	9|2	0.396043	2|4	0.282526
chr11	73500000	73750000	P5_INV	1|1	0.563992	9|2	0.223807	2|4	0.212202
chr11	73750000	74000000	P5_DCIS	1|1	0.321431	5|2	0.396043	4|2	0.282526
chr11	73750000	74000000	P5_INV	1|1	0.563992	5|2	0.223807	4|2	0.212202
chr11	74000000	75500000	P5_DCIS	1|1	0.321431	7|4	0.396043	3|2	0.282526
chr11	74000000	75500000	P5_INV	1|1	0.563992	7|4	0.223807	3|2	0.212202
chr11	75750000	76000000	P5_DCIS	1|1	0.321431	8|2	0.396043	2|2	0.282526
chr11	75750000	76000000	P5_INV	1|1	0.563992	8|2	0.223807	2|2	0.212202
chr11	76000000	78500000	P5_DCIS	1|1	0.321431	7|4	0.396043	3|2	0.282526
chr11	76000000	78500000	P5_INV	1|1	0.563992	7|4	0.223807	3|2	0.212202
chr11	78500000	78750000	P5_DCIS	1|1	0.321431	3|2	0.396043	3|2	0.282526
chr11	78500000	78750000	P5_INV	1|1	0.563992	3|2	0.223807	3|2	0.212202
chr11	80500000	80750000	P5_DCIS	1|1	0.321431	3|2	0.396043	3|2	0.282526
chr11	80500000	80750000	P5_INV	1|1	0.563992	3|2	0.223807	3|2	0.212202
chr11	82250000	82500000	P5_DCIS	1|1	0.321431	3|2	0.396043	3|2	0.282526
chr11	82250000	82500000	P5_INV	1|1	0.563992	3|2	0.223807	3|2	0.212202
chr11	82750000	83000000	P5_DCIS	1|1	0.321431	3|2	0.396043	3|2	0.282526
chr11	82750000	83000000	P5_INV	1|1	0.563992	3|2	0.223807	3|2	0.212202
chr11	83500000	83750000	P5_DCIS	1|1	0.321431	2|2	0.396043	2|2	0.282526
chr11	83500000	83750000	P5_INV	1|1	0.563992	2|2	0.223807	2|2	0.212202
chr11	83750000	84000000	P5_DCIS	1|1	0.321431	3|2	0.396043	3|2	0.282526
chr11	83750000	84000000	P5_INV	1|1	0.563992	3|2	0.223807	3|2	0.212202
chr11	84250000	84500000	P5_DCIS	1|1	0.321431	3|1	0.396043	3|1	0.282526
chr11	84250000	84500000	P5_INV	1|1	0.563992	3|1	0.223807	3|1	0.212202
chr11	84750000	85000000	P5_DCIS	1|1	0.321431	3|1	0.396043	3|1	0.282526
chr11	84750000	85000000	P5_INV	1|1	0.563992	3|1	0.223807	3|1	0.212202
chr11	85250000	86250000	P5_DCIS	1|1	0.321431	3|1	0.396043	3|1	0.282526
chr11	85250000	86250000	P5_INV	1|1	0.563992	3|1	0.223807	3|1	0.212202
chr11	86500000	86750000	P5_DCIS	1|1	0.321431	2|1	0.396043	5|0	0.282526
chr11	86500000	86750000	P5_INV	1|1	0.563992	2|1	0.223807	5|0	0.212202
chr11	86750000	87000000	P5_DCIS	1|1	0.321431	2|1	0.396043	2|1	0.282526
chr11	86750000	87000000	P5_INV	1|1	0.563992	2|1	0.223807	2|1	0.212202
chr11	87000000	87250000	P5_DCIS	1|1	0.321431	2|1	0.396043	5|0	0.282526
chr11	87000000	87250000	P5_INV	1|1	0.563992	2|1	0.223807	5|0	0.212202
chr11	87750000	88000000	P5_DCIS	1|1	0.321431	3|1	0.396043	3|1	0.282526
chr11	87750000	88000000	P5_INV	1|1	0.563992	3|1	0.223807	3|1	0.212202
chr11	88000000	88250000	P5_DCIS	1|1	0.321431	2|1	0.396043	2|1	0.282526
chr11	88000000	88250000	P5_INV	1|1	0.563992	2|1	0.223807	2|1	0.212202
chr11	88250000	88500000	P5_DCIS	1|1	0.321431	3|1	0.396043	3|1	0.282526
chr11	88250000	88500000	P5_INV	1|1	0.563992	3|1	0.223807	3|1	0.212202
chr11	88750000	89500000	P5_DCIS	1|1	0.321431	3|1	0.396043	3|1	0.282526
chr11	88750000	89500000	P5_INV	1|1	0.563992	3|1	0.223807	3|1	0.212202
chr11	89500000	89750000	P5_DCIS	1|1	0.321431	2|1	0.396043	2|1	0.282526
chr11	89500000	89750000	P5_INV	1|1	0.563992	2|1	0.223807	2|1	0.212202
chr11	89750000	90250000	P5_DCIS	1|1	0.321431	3|1	0.396043	3|1	0.282526
chr11	89750000	90250000	P5_INV	1|1	0.563992	3|1	0.223807	3|1	0.212202
chr11	90750000	91000000	P5_DCIS	1|1	0.321431	3|1	0.396043	3|1	0.282526
chr11	90750000	91000000	P5_INV	1|1	0.563992	3|1	0.223807	3|1	0.212202
chr11	92000000	92250000	P5_DCIS	1|1	0.321431	2|1	0.396043	5|0	0.282526
chr11	92000000	92250000	P5_INV	1|1	0.563992	2|1	0.223807	5|0	0.212202
chr11	92500000	94000000	P5_DCIS	1|1	0.321431	3|1	0.396043	3|1	0.282526
chr11	92500000	94000000	P5_INV	1|1	0.563992	3|1	0.223807	3|1	0.212202
chr11	94000000	94250000	P5_DCIS	1|1	0.321431	2|1	0.396043	5|0	0.282526
chr11	94000000	94250000	P5_INV	1|1	0.563992	2|1	0.223807	5|0	0.212202
chr11	94500000	94750000	P5_DCIS	1|1	0.321431	4|4	0.396043	2|2	0.282526
chr11	94500000	94750000	P5_INV	1|1	0.563992	4|4	0.223807	2|2	0.212202
chr11	94750000	95000000	P5_DCIS	1|1	0.321431	2|1	0.396043	2|1	0.282526
chr11	94750000	95000000	P5_INV	1|1	0.563992	2|1	0.223807	2|1	0.212202
chr11	95500000	95750000	P5_DCIS	1|1	0.321431	3|1	0.396043	3|1	0.282526
chr11	95500000	95750000	P5_INV	1|1	0.563992	3|1	0.223807	3|1	0.212202
chr11	95750000	96000000	P5_DCIS	1|1	0.321431	3|2	0.396043	3|2	0.282526
chr11	95750000	96000000	P5_INV	1|1	0.563992	3|2	0.223807	3|2	0.212202
chr11	96000000	96250000	P5_DCIS	1|1	0.321431	3|1	0.396043	3|1	0.282526
chr11	96000000	96250000	P5_INV	1|1	0.563992	3|1	0.223807	3|1	0.212202
chr11	96250000	96500000	P5_DCIS	1|1	0.321431	2|1	0.396043	2|1	0.282526
chr11	96250000	96500000	P5_INV	1|1	0.563992	2|1	0.223807	2|1	0.212202
chr11	98250000	98500000	P5_DCIS	1|1	0.321431	3|1	0.396043	3|1	0.282526
chr11	98250000	98500000	P5_INV	1|1	0.563992	3|1	0.223807	3|1	0.212202
chr11	99250000	99500000	P5_DCIS	1|1	0.321431	2|1	0.396043	2|1	0.282526
chr11	99250000	99500000	P5_INV	1|1	0.563992	2|1	0.223807	2|1	0.212202
chr11	99750000	100000000	P5_DCIS	1|1	0.321431	2|1	0.396043	2|1	0.282526
chr11	99750000	100000000	P5_INV	1|1	0.563992	2|1	0.223807	2|1	0.212202
chr11	100000000	100250000	P5_DCIS	1|1	0.321431	3|1	0.396043	3|1	0.282526
chr11	100000000	100250000	P5_INV	1|1	0.563992	3|1	0.223807	3|1	0.212202
chr11	100500000	101000000	P5_DCIS	1|1	0.321431	3|1	0.396043	3|1	0.282526
chr11	100500000	101000000	P5_INV	1|1	0.563992	3|1	0.223807	3|1	0.212202
chr11	101750000	103250000	P5_DCIS	1|1	0.321431	3|1	0.396043	3|1	0.282526
chr11	101750000	103250000	P5_INV	1|1	0.563992	3|1	0.223807	3|1	0.212202
chr11	103250000	103500000	P5_DCIS	1|1	0.321431	2|1	0.396043	2|1	0.282526
chr11	103250000	103500000	P5_INV	1|1	0.563992	2|1	0.223807	2|1	0.212202
chr11	103750000	104000000	P5_DCIS	1|1	0.321431	3|1	0.396043	3|1	0.282526
chr11	103750000	104000000	P5_INV	1|1	0.563992	3|1	0.223807	3|1	0.212202
chr11	104750000	105000000	P5_DCIS	1|1	0.321431	2|1	0.396043	2|1	0.282526
chr11	104750000	105000000	P5_INV	1|1	0.563992	2|1	0.223807	2|1	0.212202
chr11	105750000	106250000	P5_DCIS	1|1	0.321431	3|1	0.396043	3|1	0.282526
chr11	105750000	106250000	P5_INV	1|1	0.563992	3|1	0.223807	3|1	0.212202
chr11	106250000	106500000	P5_DCIS	1|1	0.321431	2|2	0.396043	6|1	0.282526
chr11	106250000	106500000	P5_INV	1|1	0.563992	2|2	0.223807	6|1	0.212202
chr11	106500000	106750000	P5_DCIS	1|1	0.321431	3|1	0.396043	3|1	0.282526
chr11	106500000	106750000	P5_INV	1|1	0.563992	3|1	0.223807	3|1	0.212202
chr11	107000000	107750000	P5_DCIS	1|1	0.321431	3|1	0.396043	3|1	0.282526
chr11	107000000	107750000	P5_INV	1|1	0.563992	3|1	0.223807	3|1	0.212202
chr11	107750000	108000000	P5_DCIS	1|1	0.321431	2|1	0.396043	5|0	0.282526
chr11	107750000	108000000	P5_INV	1|1	0.563992	2|1	0.223807	5|0	0.212202
chr11	108000000	108500000	P5_DCIS	1|1	0.321431	3|1	0.396043	3|1	0.282526
chr11	108000000	108500000	P5_INV	1|1	0.563992	3|1	0.223807	3|1	0.212202
chr11	108500000	108750000	P5_DCIS	1|1	0.321431	3|2	0.396043	3|2	0.282526
chr11	108500000	108750000	P5_INV	1|1	0.563992	3|2	0.223807	3|2	0.212202
chr11	110000000	110250000	P5_DCIS	1|1	0.321431	3|1	0.396043	3|1	0.282526
chr11	110000000	110250000	P5_INV	1|1	0.563992	3|1	0.223807	3|1	0.212202
chr11	110750000	111000000	P5_DCIS	1|1	0.321431	3|1	0.396043	3|1	0.282526
chr11	110750000	111000000	P5_INV	1|1	0.563992	3|1	0.223807	3|1	0.212202
chr11	111250000	111500000	P5_DCIS	1|1	0.321431	3|1	0.396043	3|1	0.282526
chr11	111250000	111500000	P5_INV	1|1	0.563992	3|1	0.223807	3|1	0.212202
chr11	112000000	112250000	P5_DCIS	1|1	0.321431	3|2	0.396043	3|2	0.282526
chr11	112000000	112250000	P5_INV	1|1	0.563992	3|2	0.223807	3|2	0.212202
chr11	113250000	113500000	P5_DCIS	1|1	0.321431	3|1	0.396043	3|1	0.282526
chr11	113250000	113500000	P5_INV	1|1	0.563992	3|1	0.223807	3|1	0.212202
chr11	113500000	114000000	P5_DCIS	1|1	0.321431	3|2	0.396043	3|2	0.282526
chr11	113500000	114000000	P5_INV	1|1	0.563992	3|2	0.223807	3|2	0.212202
chr11	114000000	114250000	P5_DCIS	1|1	0.321431	2|1	0.396043	5|0	0.282526
chr11	114000000	114250000	P5_INV	1|1	0.563992	2|1	0.223807	5|0	0.212202
chr11	114250000	114750000	P5_DCIS	1|1	0.321431	3|1	0.396043	3|1	0.282526
chr11	114250000	114750000	P5_INV	1|1	0.563992	3|1	0.223807	3|1	0.212202
chr11	115000000	115250000	P5_DCIS	1|1	0.321431	3|1	0.396043	3|1	0.282526
chr11	115000000	115250000	P5_INV	1|1	0.563992	3|1	0.223807	3|1	0.212202
chr11	116500000	116750000	P5_DCIS	1|1	0.321431	5|1	0.396043	3|1	0.282526
chr11	116500000	116750000	P5_INV	1|1	0.563992	5|1	0.223807	3|1	0.212202
chr11	116750000	117000000	P5_DCIS	1|1	0.321431	9|1	0.396043	2|1	0.282526
chr11	116750000	117000000	P5_INV	1|1	0.563992	9|1	0.223807	2|1	0.212202
chr11	117000000	117500000	P5_DCIS	1|1	0.321431	3|1	0.396043	3|1	0.282526
chr11	117000000	117500000	P5_INV	1|1	0.563992	3|1	0.223807	3|1	0.212202
chr11	117750000	118250000	P5_DCIS	1|1	0.321431	3|1	0.396043	3|1	0.282526
chr11	117750000	118250000	P5_INV	1|1	0.563992	3|1	0.223807	3|1	0.212202
chr11	118500000	119000000	P5_DCIS	1|1	0.321431	5|2	0.396043	4|2	0.282526
chr11	118500000	119000000	P5_INV	1|1	0.563992	5|2	0.223807	4|2	0.212202
chr11	119000000	120000000	P5_DCIS	1|1	0.321431	3|1	0.396043	3|1	0.282526
chr11	119000000	120000000	P5_INV	1|1	0.563992	3|1	0.223807	3|1	0.212202
chr11	120000000	120250000	P5_DCIS	1|1	0.321431	5|1	0.396043	3|1	0.282526
chr11	120000000	120250000	P5_INV	1|1	0.563992	5|1	0.223807	3|1	0.212202
chr11	120250000	121000000	P5_DCIS	1|1	0.321431	3|1	0.396043	3|1	0.282526
chr11	120250000	121000000	P5_INV	1|1	0.563992	3|1	0.223807	3|1	0.212202
chr11	121000000	121250000	P5_DCIS	1|1	0.321431	3|2	0.396043	3|2	0.282526
chr11	121000000	121250000	P5_INV	1|1	0.563992	3|2	0.223807	3|2	0.212202
chr11	121500000	121750000	P5_DCIS	1|1	0.321431	3|2	0.396043	3|2	0.282526
chr11	121500000	121750000	P5_INV	1|1	0.563992	3|2	0.223807	3|2	0.212202
chr11	122000000	122250000	P5_DCIS	1|1	0.321431	2|2	0.396043	2|2	0.282526
chr11	122000000	122250000	P5_INV	1|1	0.563992	2|2	0.223807	2|2	0.212202
chr11	122250000	125000000	P5_DCIS	1|1	0.321431	3|1	0.396043	3|1	0.282526
chr11	122250000	125000000	P5_INV	1|1	0.563992	3|1	0.223807	3|1	0.212202
chr11	125250000	126500000	P5_DCIS	1|1	0.321431	3|1	0.396043	3|1	0.282526
chr11	125250000	126500000	P5_INV	1|1	0.563992	3|1	0.223807	3|1	0.212202
chr11	128500000	129000000	P5_DCIS	1|1	0.321431	3|1	0.396043	3|1	0.282526
chr11	128500000	129000000	P5_INV	1|1	0.563992	3|1	0.223807	3|1	0.212202
chr11	129000000	129250000	P5_DCIS	1|1	0.321431	4|4	0.396043	2|2	0.282526
chr11	129000000	129250000	P5_INV	1|1	0.563992	4|4	0.223807	2|2	0.212202
chr11	129250000	130000000	P5_DCIS	1|1	0.321431	3|2	0.396043	3|2	0.282526
chr11	129250000	130000000	P5_INV	1|1	0.563992	3|2	0.223807	3|2	0.212202
chr11	130000000	130250000	P5_DCIS	1|1	0.321431	2|1	0.396043	5|0	0.282526
chr11	130000000	130250000	P5_INV	1|1	0.563992	2|1	0.223807	5|0	0.212202
chr11	130250000	130500000	P5_DCIS	1|1	0.321431	3|1	0.396043	3|1	0.282526
chr11	130250000	130500000	P5_INV	1|1	0.563992	3|1	0.223807	3|1	0.212202
chr11	132000000	132500000	P5_DCIS	1|1	0.321431	3|1	0.396043	3|1	0.282526
chr11	132000000	132500000	P5_INV	1|1	0.563992	3|1	0.223807	3|1	0.212202
chr11	132500000	132750000	P5_DCIS	1|1	0.321431	2|1	0.396043	5|0	0.282526
chr11	132500000	132750000	P5_INV	1|1	0.563992	2|1	0.223807	5|0	0.212202
chr11	133500000	134500000	P5_DCIS	1|1	0.321431	3|1	0.396043	3|1	0.282526
chr11	133500000	134500000	P5_INV	1|1	0.563992	3|1	0.223807	3|1	0.212202
chr12	250000	1750000	P5_DCIS	1|1	0.321431	3|2	0.396043	3|2	0.282526
chr12	250000	1750000	P5_INV	1|1	0.563992	3|2	0.223807	3|2	0.212202
chr12	1750000	2000000	P5_DCIS	1|1	0.321431	2|2	0.396043	2|2	0.282526
chr12	1750000	2000000	P5_INV	1|1	0.563992	2|2	0.223807	2|2	0.212202
chr12	2000000	2250000	P5_DCIS	1|1	0.321431	3|2	0.396043	3|2	0.282526
chr12	2000000	2250000	P5_INV	1|1	0.563992	3|2	0.223807	3|2	0.212202
chr12	2500000	5250000	P5_DCIS	1|1	0.321431	3|2	0.396043	3|2	0.282526
chr12	2500000	5250000	P5_INV	1|1	0.563992	3|2	0.223807	3|2	0.212202
chr12	5500000	6250000	P5_DCIS	1|1	0.321431	3|2	0.396043	3|2	0.282526
chr12	5500000	6250000	P5_INV	1|1	0.563992	3|2	0.223807	3|2	0.212202
chr12	6250000	6500000	P5_DCIS	1|1	0.321431	4|4	0.396043	2|2	0.282526
chr12	6250000	6500000	P5_INV	1|1	0.563992	4|4	0.223807	2|2	0.212202
chr12	6500000	7750000	P5_DCIS	1|1	0.321431	3|2	0.396043	3|2	0.282526
chr12	6500000	7750000	P5_INV	1|1	0.563992	3|2	0.223807	3|2	0.212202
chr12	7750000	8000000	P5_DCIS	1|1	0.321431	2|2	0.396043	5|2	0.282526
chr12	7750000	8000000	P5_INV	1|1	0.563992	2|2	0.223807	5|2	0.212202
chr12	8000000	11000000	P5_DCIS	1|1	0.321431	3|2	0.396043	3|2	0.282526
chr12	8000000	11000000	P5_INV	1|1	0.563992	3|2	0.223807	3|2	0.212202
chr12	11250000	11750000	P5_DCIS	1|1	0.321431	3|2	0.396043	3|2	0.282526
chr12	11250000	11750000	P5_INV	1|1	0.563992	3|2	0.223807	3|2	0.212202
chr12	11750000	12000000	P5_DCIS	1|1	0.321431	2|2	0.396043	2|2	0.282526
chr12	11750000	12000000	P5_INV	1|1	0.563992	2|2	0.223807	2|2	0.212202
chr12	12000000	13250000	P5_DCIS	1|1	0.321431	3|2	0.396043	3|2	0.282526
chr12	12000000	13250000	P5_INV	1|1	0.563992	3|2	0.223807	3|2	0.212202
chr12	13250000	13750000	P5_DCIS	1|1	0.321431	2|2	0.396043	2|2	0.282526
chr12	13250000	13750000	P5_INV	1|1	0.563992	2|2	0.223807	2|2	0.212202
chr12	14500000	15250000	P5_DCIS	1|1	0.321431	3|2	0.396043	3|2	0.282526
chr12	14500000	15250000	P5_INV	1|1	0.563992	3|2	0.223807	3|2	0.212202
chr12	15500000	15750000	P5_DCIS	1|1	0.321431	3|2	0.396043	3|2	0.282526
chr12	15500000	15750000	P5_INV	1|1	0.563992	3|2	0.223807	3|2	0.212202
chr12	16000000	16750000	P5_DCIS	1|1	0.321431	3|2	0.396043	3|2	0.282526
chr12	16000000	16750000	P5_INV	1|1	0.563992	3|2	0.223807	3|2	0.212202
chr12	17000000	17250000	P5_DCIS	1|1	0.321431	3|2	0.396043	3|2	0.282526
chr12	17000000	17250000	P5_INV	1|1	0.563992	3|2	0.223807	3|2	0.212202
chr12	17750000	18000000	P5_DCIS	1|1	0.321431	2|2	0.396043	3|0	0.282526
chr12	17750000	18000000	P5_INV	1|1	0.563992	2|2	0.223807	3|0	0.212202
chr12	18500000	18750000	P5_DCIS	1|1	0.321431	2|2	0.396043	2|2	0.282526
chr12	18500000	18750000	P5_INV	1|1	0.563992	2|2	0.223807	2|2	0.212202
chr12	18750000	19500000	P5_DCIS	1|1	0.321431	3|2	0.396043	3|2	0.282526
chr12	18750000	19500000	P5_INV	1|1	0.563992	3|2	0.223807	3|2	0.212202
chr12	19500000	19750000	P5_DCIS	1|1	0.321431	2|2	0.396043	5|2	0.282526
chr12	19500000	19750000	P5_INV	1|1	0.563992	2|2	0.223807	5|2	0.212202
chr12	20000000	20250000	P5_DCIS	1|1	0.321431	3|2	0.396043	3|2	0.282526
chr12	20000000	20250000	P5_INV	1|1	0.563992	3|2	0.223807	3|2	0.212202
chr12	20500000	21000000	P5_DCIS	1|1	0.321431	3|2	0.396043	3|2	0.282526
chr12	20500000	21000000	P5_INV	1|1	0.563992	3|2	0.223807	3|2	0.212202
chr12	21000000	21250000	P5_DCIS	1|1	0.321431	2|2	0.396043	3|0	0.282526
chr12	21000000	21250000	P5_INV	1|1	0.563992	2|2	0.223807	3|0	0.212202
chr12	21250000	21750000	P5_DCIS	1|1	0.321431	3|2	0.396043	3|2	0.282526
chr12	21250000	21750000	P5_INV	1|1	0.563992	3|2	0.223807	3|2	0.212202
chr12	22000000	22750000	P5_DCIS	1|1	0.321431	3|2	0.396043	3|2	0.282526
chr12	22000000	22750000	P5_INV	1|1	0.563992	3|2	0.223807	3|2	0.212202
chr12	23500000	23750000	P5_DCIS	1|1	0.321431	2|2	0.396043	2|2	0.282526
chr12	23500000	23750000	P5_INV	1|1	0.563992	2|2	0.223807	2|2	0.212202
chr12	23750000	24000000	P5_DCIS	1|1	0.321431	3|2	0.396043	3|2	0.282526
chr12	23750000	24000000	P5_INV	1|1	0.563992	3|2	0.223807	3|2	0.212202
chr12	24750000	25750000	P5_DCIS	1|1	0.321431	3|2	0.396043	3|2	0.282526
chr12	24750000	25750000	P5_INV	1|1	0.563992	3|2	0.223807	3|2	0.212202
chr12	25750000	26000000	P5_DCIS	1|1	0.321431	2|2	0.396043	2|2	0.282526
chr12	25750000	26000000	P5_INV	1|1	0.563992	2|2	0.223807	2|2	0.212202
chr12	26000000	26250000	P5_DCIS	1|1	0.321431	3|2	0.396043	3|2	0.282526
chr12	26000000	26250000	P5_INV	1|1	0.563992	3|2	0.223807	3|2	0.212202
chr12	26500000	28000000	P5_DCIS	1|1	0.321431	3|2	0.396043	3|2	0.282526
chr12	26500000	28000000	P5_INV	1|1	0.563992	3|2	0.223807	3|2	0.212202
chr12	28250000	28750000	P5_DCIS	1|1	0.321431	3|2	0.396043	3|2	0.282526
chr12	28250000	28750000	P5_INV	1|1	0.563992	3|2	0.223807	3|2	0.212202
chr12	29500000	30250000	P5_DCIS	1|1	0.321431	3|2	0.396043	3|2	0.282526
chr12	29500000	30250000	P5_INV	1|1	0.563992	3|2	0.223807	3|2	0.212202
chr12	30500000	30750000	P5_DCIS	1|1	0.321431	2|2	0.396043	2|2	0.282526
chr12	30500000	30750000	P5_INV	1|1	0.563992	2|2	0.223807	2|2	0.212202
chr12	30750000	32000000	P5_DCIS	1|1	0.321431	3|2	0.396043	3|2	0.282526
chr12	30750000	32000000	P5_INV	1|1	0.563992	3|2	0.223807	3|2	0.212202
chr12	32000000	32250000	P5_DCIS	1|1	0.321431	2|2	0.396043	5|2	0.282526
chr12	32000000	32250000	P5_INV	1|1	0.563992	2|2	0.223807	5|2	0.212202
chr12	32250000	32500000	P5_DCIS	1|1	0.321431	3|2	0.396043	3|2	0.282526
chr12	32250000	32500000	P5_INV	1|1	0.563992	3|2	0.223807	3|2	0.212202
chr12	32500000	32750000	P5_DCIS	1|1	0.321431	2|2	0.396043	6|1	0.282526
chr12	32500000	32750000	P5_INV	1|1	0.563992	2|2	0.223807	6|1	0.212202
chr12	32750000	33250000	P5_DCIS	1|1	0.321431	3|2	0.396043	3|2	0.282526
chr12	32750000	33250000	P5_INV	1|1	0.563992	3|2	0.223807	3|2	0.212202
chr12	33500000	33750000	P5_DCIS	1|1	0.321431	3|2	0.396043	3|2	0.282526
chr12	33500000	33750000	P5_INV	1|1	0.563992	3|2	0.223807	3|2	0.212202
chr12	34000000	34250000	P5_DCIS	1|1	0.321431	2|2	0.396043	3|0	0.282526
chr12	34000000	34250000	P5_INV	1|1	0.563992	2|2	0.223807	3|0	0.212202
chr12	34750000	35000000	P5_DCIS	1|1	0.321431	2|2	0.396043	6|2	0.282526
chr12	34750000	35000000	P5_INV	1|1	0.563992	2|2	0.223807	6|2	0.212202
chr12	37750000	38000000	P5_DCIS	1|1	0.321431	2|2	0.396043	6|1	0.282526
chr12	37750000	38000000	P5_INV	1|1	0.563992	2|2	0.223807	6|1	0.212202
chr12	38250000	38500000	P5_DCIS	1|1	0.321431	2|2	0.396043	5|2	0.282526
chr12	38250000	38500000	P5_INV	1|1	0.563992	2|2	0.223807	5|2	0.212202
chr12	38500000	38750000	P5_DCIS	1|1	0.321431	3|2	0.396043	3|2	0.282526
chr12	38500000	38750000	P5_INV	1|1	0.563992	3|2	0.223807	3|2	0.212202
chr12	39000000	39250000	P5_DCIS	1|1	0.321431	3|2	0.396043	3|2	0.282526
chr12	39000000	39250000	P5_INV	1|1	0.563992	3|2	0.223807	3|2	0.212202
chr12	39500000	40250000	P5_DCIS	1|1	0.321431	3|1	0.396043	3|1	0.282526
chr12	39500000	40250000	P5_INV	1|1	0.563992	3|1	0.223807	3|1	0.212202
chr12	40250000	40500000	P5_DCIS	1|1	0.321431	2|2	0.396043	2|2	0.282526
chr12	40250000	40500000	P5_INV	1|1	0.563992	2|2	0.223807	2|2	0.212202
chr12	40500000	40750000	P5_DCIS	1|1	0.321431	3|1	0.396043	3|1	0.282526
chr12	40500000	40750000	P5_INV	1|1	0.563992	3|1	0.223807	3|1	0.212202
chr12	40750000	41000000	P5_DCIS	1|1	0.321431	2|1	0.396043	2|1	0.282526
chr12	40750000	41000000	P5_INV	1|1	0.563992	2|1	0.223807	2|1	0.212202
chr12	41000000	41250000	P5_DCIS	1|1	0.321431	3|1	0.396043	3|1	0.282526
chr12	41000000	41250000	P5_INV	1|1	0.563992	3|1	0.223807	3|1	0.212202
chr12	41250000	41500000	P5_DCIS	1|1	0.321431	2|2	0.396043	2|2	0.282526
chr12	41250000	41500000	P5_INV	1|1	0.563992	2|2	0.223807	2|2	0.212202
chr12	41750000	42000000	P5_DCIS	1|1	0.321431	3|2	0.396043	3|2	0.282526
chr12	41750000	42000000	P5_INV	1|1	0.563992	3|2	0.223807	3|2	0.212202
chr12	42250000	43000000	P5_DCIS	1|1	0.321431	3|2	0.396043	3|2	0.282526
chr12	42250000	43000000	P5_INV	1|1	0.563992	3|2	0.223807	3|2	0.212202
chr12	43000000	43250000	P5_DCIS	1|1	0.321431	2|2	0.396043	2|2	0.282526
chr12	43000000	43250000	P5_INV	1|1	0.563992	2|2	0.223807	2|2	0.212202
chr12	43250000	43500000	P5_DCIS	1|1	0.321431	2|1	0.396043	5|0	0.282526
chr12	43250000	43500000	P5_INV	1|1	0.563992	2|1	0.223807	5|0	0.212202
chr12	43750000	44000000	P5_DCIS	1|1	0.321431	3|2	0.396043	3|2	0.282526
chr12	43750000	44000000	P5_INV	1|1	0.563992	3|2	0.223807	3|2	0.212202
chr12	44000000	44250000	P5_DCIS	1|1	0.321431	4|4	0.396043	2|2	0.282526
chr12	44000000	44250000	P5_INV	1|1	0.563992	4|4	0.223807	2|2	0.212202
chr12	45000000	45500000	P5_DCIS	1|1	0.321431	3|2	0.396043	3|2	0.282526
chr12	45000000	45500000	P5_INV	1|1	0.563992	3|2	0.223807	3|2	0.212202
chr12	46000000	46250000	P5_DCIS	1|1	0.321431	2|2	0.396043	2|2	0.282526
chr12	46000000	46250000	P5_INV	1|1	0.563992	2|2	0.223807	2|2	0.212202
chr12	46250000	46500000	P5_DCIS	1|1	0.321431	3|2	0.396043	3|2	0.282526
chr12	46250000	46500000	P5_INV	1|1	0.563992	3|2	0.223807	3|2	0.212202
chr12	47250000	47750000	P5_DCIS	1|1	0.321431	3|2	0.396043	3|2	0.282526
chr12	47250000	47750000	P5_INV	1|1	0.563992	3|2	0.223807	3|2	0.212202
chr12	47750000	48000000	P5_DCIS	1|1	0.321431	3|1	0.396043	3|1	0.282526
chr12	47750000	48000000	P5_INV	1|1	0.563992	3|1	0.223807	3|1	0.212202
chr12	48000000	49250000	P5_DCIS	1|1	0.321431	3|2	0.396043	3|2	0.282526
chr12	48000000	49250000	P5_INV	1|1	0.563992	3|2	0.223807	3|2	0.212202
chr12	49250000	49500000	P5_DCIS	1|1	0.321431	5|2	0.396043	4|2	0.282526
chr12	49250000	49500000	P5_INV	1|1	0.563992	5|2	0.223807	4|2	0.212202
chr12	49750000	50500000	P5_DCIS	1|1	0.321431	3|2	0.396043	3|2	0.282526
chr12	49750000	50500000	P5_INV	1|1	0.563992	3|2	0.223807	3|2	0.212202
chr12	50500000	50750000	P5_DCIS	1|1	0.321431	4|4	0.396043	2|2	0.282526
chr12	50500000	50750000	P5_INV	1|1	0.563992	4|4	0.223807	2|2	0.212202
chr12	51250000	52000000	P5_DCIS	1|1	0.321431	4|4	0.396043	2|2	0.282526
chr12	51250000	52000000	P5_INV	1|1	0.563992	4|4	0.223807	2|2	0.212202
chr12	52000000	52250000	P5_DCIS	1|1	0.321431	3|2	0.396043	3|2	0.282526
chr12	52000000	52250000	P5_INV	1|1	0.563992	3|2	0.223807	3|2	0.212202
chr12	52250000	54500000	P5_DCIS	1|1	0.321431	4|4	0.396043	2|2	0.282526
chr12	52250000	54500000	P5_INV	1|1	0.563992	4|4	0.223807	2|2	0.212202
chr12	54500000	54750000	P5_DCIS	1|1	0.321431	5|0	0.396043	8|2	0.282526
chr12	54500000	54750000	P5_INV	1|1	0.563992	5|0	0.223807	8|2	0.212202
chr12	54750000	55750000	P5_DCIS	1|1	0.321431	4|4	0.396043	2|2	0.282526
chr12	54750000	55750000	P5_INV	1|1	0.563992	4|4	0.223807	2|2	0.212202
chr12	55750000	56000000	P5_DCIS	1|1	0.321431	2|2	0.396043	2|2	0.282526
chr12	55750000	56000000	P5_INV	1|1	0.563992	2|2	0.223807	2|2	0.212202
chr12	56000000	56500000	P5_DCIS	1|1	0.321431	4|4	0.396043	2|2	0.282526
chr12	56000000	56500000	P5_INV	1|1	0.563992	4|4	0.223807	2|2	0.212202
chr12	56500000	56750000	P5_DCIS	1|1	0.321431	7|4	0.396043	3|2	0.282526
chr12	56500000	56750000	P5_INV	1|1	0.563992	7|4	0.223807	3|2	0.212202
chr12	56750000	58250000	P5_DCIS	1|1	0.321431	4|4	0.396043	2|2	0.282526
chr12	56750000	58250000	P5_INV	1|1	0.563992	4|4	0.223807	2|2	0.212202
chr12	58500000	58750000	P5_DCIS	1|1	0.321431	3|2	0.396043	3|2	0.282526
chr12	58500000	58750000	P5_INV	1|1	0.563992	3|2	0.223807	3|2	0.212202
chr12	60000000	60250000	P5_DCIS	1|1	0.321431	4|4	0.396043	2|2	0.282526
chr12	60000000	60250000	P5_INV	1|1	0.563992	4|4	0.223807	2|2	0.212202
chr12	60750000	61000000	P5_DCIS	1|1	0.321431	4|4	0.396043	2|2	0.282526
chr12	60750000	61000000	P5_INV	1|1	0.563992	4|4	0.223807	2|2	0.212202
chr12	62250000	62500000	P5_DCIS	1|1	0.321431	2|2	0.396043	5|2	0.282526
chr12	62250000	62500000	P5_INV	1|1	0.563992	2|2	0.223807	5|2	0.212202
chr12	62500000	63500000	P5_DCIS	1|1	0.321431	4|4	0.396043	2|2	0.282526
chr12	62500000	63500000	P5_INV	1|1	0.563992	4|4	0.223807	2|2	0.212202
chr12	63500000	63750000	P5_DCIS	1|1	0.321431	2|1	0.396043	5|0	0.282526
chr12	63500000	63750000	P5_INV	1|1	0.563992	2|1	0.223807	5|0	0.212202
chr12	63750000	64000000	P5_DCIS	1|1	0.321431	3|2	0.396043	3|2	0.282526
chr12	63750000	64000000	P5_INV	1|1	0.563992	3|2	0.223807	3|2	0.212202
chr12	64000000	64250000	P5_DCIS	1|1	0.321431	4|4	0.396043	2|2	0.282526
chr12	64000000	64250000	P5_INV	1|1	0.563992	4|4	0.223807	2|2	0.212202
chr12	64250000	64500000	P5_DCIS	1|1	0.321431	3|2	0.396043	3|2	0.282526
chr12	64250000	64500000	P5_INV	1|1	0.563992	3|2	0.223807	3|2	0.212202
chr12	64500000	65000000	P5_DCIS	1|1	0.321431	4|4	0.396043	2|2	0.282526
chr12	64500000	65000000	P5_INV	1|1	0.563992	4|4	0.223807	2|2	0.212202
chr12	65000000	65500000	P5_DCIS	1|1	0.321431	3|2	0.396043	3|2	0.282526
chr12	65000000	65500000	P5_INV	1|1	0.563992	3|2	0.223807	3|2	0.212202
chr12	65500000	65750000	P5_DCIS	1|1	0.321431	4|4	0.396043	2|2	0.282526
chr12	65500000	65750000	P5_INV	1|1	0.563992	4|4	0.223807	2|2	0.212202
chr12	66250000	66500000	P5_DCIS	1|1	0.321431	9|1	0.396043	2|1	0.282526
chr12	66250000	66500000	P5_INV	1|1	0.563992	9|1	0.223807	2|1	0.212202
chr12	66500000	67000000	P5_DCIS	1|1	0.321431	4|4	0.396043	2|2	0.282526
chr12	66500000	67000000	P5_INV	1|1	0.563992	4|4	0.223807	2|2	0.212202
chr12	68000000	68500000	P5_DCIS	1|1	0.321431	3|2	0.396043	3|2	0.282526
chr12	68000000	68500000	P5_INV	1|1	0.563992	3|2	0.223807	3|2	0.212202
chr12	68500000	68750000	P5_DCIS	1|1	0.321431	4|4	0.396043	2|2	0.282526
chr12	68500000	68750000	P5_INV	1|1	0.563992	4|4	0.223807	2|2	0.212202
chr12	69000000	69750000	P5_DCIS	1|1	0.321431	4|4	0.396043	2|2	0.282526
chr12	69000000	69750000	P5_INV	1|1	0.563992	4|4	0.223807	2|2	0.212202
chr12	70000000	70250000	P5_DCIS	1|1	0.321431	4|4	0.396043	2|2	0.282526
chr12	70000000	70250000	P5_INV	1|1	0.563992	4|4	0.223807	2|2	0.212202
chr12	70250000	70500000	P5_DCIS	1|1	0.321431	3|1	0.396043	3|1	0.282526
chr12	70250000	70500000	P5_INV	1|1	0.563992	3|1	0.223807	3|1	0.212202
chr12	70500000	71250000	P5_DCIS	1|1	0.321431	4|4	0.396043	2|2	0.282526
chr12	70500000	71250000	P5_INV	1|1	0.563992	4|4	0.223807	2|2	0.212202
chr12	71750000	72000000	P5_DCIS	1|1	0.321431	3|2	0.396043	3|2	0.282526
chr12	71750000	72000000	P5_INV	1|1	0.563992	3|2	0.223807	3|2	0.212202
chr12	72000000	73000000	P5_DCIS	1|1	0.321431	4|4	0.396043	2|2	0.282526
chr12	72000000	73000000	P5_INV	1|1	0.563992	4|4	0.223807	2|2	0.212202
chr12	74000000	74250000	P5_DCIS	1|1	0.321431	2|2	0.396043	3|0	0.282526
chr12	74000000	74250000	P5_INV	1|1	0.563992	2|2	0.223807	3|0	0.212202
chr12	74500000	74750000	P5_DCIS	1|1	0.321431	3|2	0.396043	3|2	0.282526
chr12	74500000	74750000	P5_INV	1|1	0.563992	3|2	0.223807	3|2	0.212202
chr12	75000000	75250000	P5_DCIS	1|1	0.321431	2|2	0.396043	2|2	0.282526
chr12	75000000	75250000	P5_INV	1|1	0.563992	2|2	0.223807	2|2	0.212202
chr12	75250000	75500000	P5_DCIS	1|1	0.321431	3|2	0.396043	3|2	0.282526
chr12	75250000	75500000	P5_INV	1|1	0.563992	3|2	0.223807	3|2	0.212202
chr12	75500000	76000000	P5_DCIS	1|1	0.321431	4|4	0.396043	2|2	0.282526
chr12	75500000	76000000	P5_INV	1|1	0.563992	4|4	0.223807	2|2	0.212202
chr12	76000000	76250000	P5_DCIS	1|1	0.321431	3|2	0.396043	3|2	0.282526
chr12	76000000	76250000	P5_INV	1|1	0.563992	3|2	0.223807	3|2	0.212202
chr12	76250000	76500000	P5_DCIS	1|1	0.321431	4|4	0.396043	2|2	0.282526
chr12	76250000	76500000	P5_INV	1|1	0.563992	4|4	0.223807	2|2	0.212202
chr12	76500000	76750000	P5_DCIS	1|1	0.321431	3|2	0.396043	3|2	0.282526
chr12	76500000	76750000	P5_INV	1|1	0.563992	3|2	0.223807	3|2	0.212202
chr12	76750000	77250000	P5_DCIS	1|1	0.321431	4|4	0.396043	2|2	0.282526
chr12	76750000	77250000	P5_INV	1|1	0.563992	4|4	0.223807	2|2	0.212202
chr12	77250000	77500000	P5_DCIS	1|1	0.321431	3|2	0.396043	3|2	0.282526
chr12	77250000	77500000	P5_INV	1|1	0.563992	3|2	0.223807	3|2	0.212202
chr12	78500000	78750000	P5_DCIS	1|1	0.321431	4|4	0.396043	2|2	0.282526
chr12	78500000	78750000	P5_INV	1|1	0.563992	4|4	0.223807	2|2	0.212202
chr12	79250000	79500000	P5_DCIS	1|1	0.321431	4|4	0.396043	2|2	0.282526
chr12	79250000	79500000	P5_INV	1|1	0.563992	4|4	0.223807	2|2	0.212202
chr12	79500000	79750000	P5_DCIS	1|1	0.321431	3|2	0.396043	3|2	0.282526
chr12	79500000	79750000	P5_INV	1|1	0.563992	3|2	0.223807	3|2	0.212202
chr12	80000000	80500000	P5_DCIS	1|1	0.321431	4|4	0.396043	2|2	0.282526
chr12	80000000	80500000	P5_INV	1|1	0.563992	4|4	0.223807	2|2	0.212202
chr12	80750000	81750000	P5_DCIS	1|1	0.321431	4|4	0.396043	2|2	0.282526
chr12	80750000	81750000	P5_INV	1|1	0.563992	4|4	0.223807	2|2	0.212202
chr12	81750000	82000000	P5_DCIS	1|1	0.321431	3|2	0.396043	3|2	0.282526
chr12	81750000	82000000	P5_INV	1|1	0.563992	3|2	0.223807	3|2	0.212202
chr12	82000000	82250000	P5_DCIS	1|1	0.321431	4|4	0.396043	2|2	0.282526
chr12	82000000	82250000	P5_INV	1|1	0.563992	4|4	0.223807	2|2	0.212202
chr12	82750000	83000000	P5_DCIS	1|1	0.321431	3|2	0.396043	3|2	0.282526
chr12	82750000	83000000	P5_INV	1|1	0.563992	3|2	0.223807	3|2	0.212202
chr12	83500000	83750000	P5_DCIS	1|1	0.321431	2|2	0.396043	3|0	0.282526
chr12	83500000	83750000	P5_INV	1|1	0.563992	2|2	0.223807	3|0	0.212202
chr12	85250000	85500000	P5_DCIS	1|1	0.321431	4|4	0.396043	2|2	0.282526
chr12	85250000	85500000	P5_INV	1|1	0.563992	4|4	0.223807	2|2	0.212202
chr12	87250000	87500000	P5_DCIS	1|1	0.321431	2|2	0.396043	5|2	0.282526
chr12	87250000	87500000	P5_INV	1|1	0.563992	2|2	0.223807	5|2	0.212202
chr12	87750000	88000000	P5_DCIS	1|1	0.321431	2|2	0.396043	6|1	0.282526
chr12	87750000	88000000	P5_INV	1|1	0.563992	2|2	0.223807	6|1	0.212202
chr12	89750000	90000000	P5_DCIS	1|1	0.321431	4|4	0.396043	2|2	0.282526
chr12	89750000	90000000	P5_INV	1|1	0.563992	4|4	0.223807	2|2	0.212202
chr12	90000000	90250000	P5_DCIS	1|1	0.321431	3|2	0.396043	3|2	0.282526
chr12	90000000	90250000	P5_INV	1|1	0.563992	3|2	0.223807	3|2	0.212202
chr12	91250000	91500000	P5_DCIS	1|1	0.321431	2|2	0.396043	2|2	0.282526
chr12	91250000	91500000	P5_INV	1|1	0.563992	2|2	0.223807	2|2	0.212202
chr12	91500000	91750000	P5_DCIS	1|1	0.321431	3|2	0.396043	3|2	0.282526
chr12	91500000	91750000	P5_INV	1|1	0.563992	3|2	0.223807	3|2	0.212202
chr12	92500000	92750000	P5_DCIS	1|1	0.321431	2|2	0.396043	6|1	0.282526
chr12	92500000	92750000	P5_INV	1|1	0.563992	2|2	0.223807	6|1	0.212202
chr12	92750000	94000000	P5_DCIS	1|1	0.321431	4|4	0.396043	2|2	0.282526
chr12	92750000	94000000	P5_INV	1|1	0.563992	4|4	0.223807	2|2	0.212202
chr12	94500000	95000000	P5_DCIS	1|1	0.321431	4|4	0.396043	2|2	0.282526
chr12	94500000	95000000	P5_INV	1|1	0.563992	4|4	0.223807	2|2	0.212202
chr12	95250000	96750000	P5_DCIS	1|1	0.321431	4|4	0.396043	2|2	0.282526
chr12	95250000	96750000	P5_INV	1|1	0.563992	4|4	0.223807	2|2	0.212202
chr12	97000000	97500000	P5_DCIS	1|1	0.321431	3|1	0.396043	3|1	0.282526
chr12	97000000	97500000	P5_INV	1|1	0.563992	3|1	0.223807	3|1	0.212202
chr12	98500000	98750000	P5_DCIS	1|1	0.321431	2|2	0.396043	3|0	0.282526
chr12	98500000	98750000	P5_INV	1|1	0.563992	2|2	0.223807	3|0	0.212202
chr12	98750000	99250000	P5_DCIS	1|1	0.321431	3|1	0.396043	3|1	0.282526
chr12	98750000	99250000	P5_INV	1|1	0.563992	3|1	0.223807	3|1	0.212202
chr12	99500000	99750000	P5_DCIS	1|1	0.321431	2|1	0.396043	2|1	0.282526
chr12	99500000	99750000	P5_INV	1|1	0.563992	2|1	0.223807	2|1	0.212202
chr12	100000000	100250000	P5_DCIS	1|1	0.321431	3|1	0.396043	3|1	0.282526
chr12	100000000	100250000	P5_INV	1|1	0.563992	3|1	0.223807	3|1	0.212202
chr12	100500000	102750000	P5_DCIS	1|1	0.321431	3|1	0.396043	3|1	0.282526
chr12	100500000	102750000	P5_INV	1|1	0.563992	3|1	0.223807	3|1	0.212202
chr12	103750000	104750000	P5_DCIS	1|1	0.321431	3|1	0.396043	3|1	0.282526
chr12	103750000	104750000	P5_INV	1|1	0.563992	3|1	0.223807	3|1	0.212202
chr12	105250000	106000000	P5_DCIS	1|1	0.321431	3|1	0.396043	3|1	0.282526
chr12	105250000	106000000	P5_INV	1|1	0.563992	3|1	0.223807	3|1	0.212202
chr12	106250000	107250000	P5_DCIS	1|1	0.321431	3|1	0.396043	3|1	0.282526
chr12	106250000	107250000	P5_INV	1|1	0.563992	3|1	0.223807	3|1	0.212202
chr12	107500000	107750000	P5_DCIS	1|1	0.321431	2|2	0.396043	3|0	0.282526
chr12	107500000	107750000	P5_INV	1|1	0.563992	2|2	0.223807	3|0	0.212202
chr12	107750000	110250000	P5_DCIS	1|1	0.321431	3|1	0.396043	3|1	0.282526
chr12	107750000	110250000	P5_INV	1|1	0.563992	3|1	0.223807	3|1	0.212202
chr12	110250000	110500000	P5_DCIS	1|1	0.321431	2|1	0.396043	5|0	0.282526
chr12	110250000	110500000	P5_INV	1|1	0.563992	2|1	0.223807	5|0	0.212202
chr12	110750000	111000000	P5_DCIS	1|1	0.321431	2|1	0.396043	5|0	0.282526
chr12	110750000	111000000	P5_INV	1|1	0.563992	2|1	0.223807	5|0	0.212202
chr12	111500000	111750000	P5_DCIS	1|1	0.321431	2|2	0.396043	6|1	0.282526
chr12	111500000	111750000	P5_INV	1|1	0.563992	2|2	0.223807	6|1	0.212202
chr12	111750000	112000000	P5_DCIS	1|1	0.321431	3|1	0.396043	3|1	0.282526
chr12	111750000	112000000	P5_INV	1|1	0.563992	3|1	0.223807	3|1	0.212202
chr12	113000000	114000000	P5_DCIS	1|1	0.321431	3|1	0.396043	3|1	0.282526
chr12	113000000	114000000	P5_INV	1|1	0.563992	3|1	0.223807	3|1	0.212202
chr12	114000000	114250000	P5_DCIS	1|1	0.321431	2|1	0.396043	5|0	0.282526
chr12	114000000	114250000	P5_INV	1|1	0.563992	2|1	0.223807	5|0	0.212202
chr12	114250000	114500000	P5_DCIS	1|1	0.321431	3|1	0.396043	3|1	0.282526
chr12	114250000	114500000	P5_INV	1|1	0.563992	3|1	0.223807	3|1	0.212202
chr12	114750000	115250000	P5_DCIS	1|1	0.321431	3|1	0.396043	3|1	0.282526
chr12	114750000	115250000	P5_INV	1|1	0.563992	3|1	0.223807	3|1	0.212202
chr12	116000000	116500000	P5_DCIS	1|1	0.321431	3|1	0.396043	3|1	0.282526
chr12	116000000	116500000	P5_INV	1|1	0.563992	3|1	0.223807	3|1	0.212202
chr12	117000000	117250000	P5_DCIS	1|1	0.321431	3|1	0.396043	3|1	0.282526
chr12	117000000	117250000	P5_INV	1|1	0.563992	3|1	0.223807	3|1	0.212202
chr12	117500000	117750000	P5_DCIS	1|1	0.321431	3|1	0.396043	3|1	0.282526
chr12	117500000	117750000	P5_INV	1|1	0.563992	3|1	0.223807	3|1	0.212202
chr12	117750000	118000000	P5_DCIS	1|1	0.321431	2|1	0.396043	5|0	0.282526
chr12	117750000	118000000	P5_INV	1|1	0.563992	2|1	0.223807	5|0	0.212202
chr12	118250000	118750000	P5_DCIS	1|1	0.321431	3|1	0.396043	3|1	0.282526
chr12	118250000	118750000	P5_INV	1|1	0.563992	3|1	0.223807	3|1	0.212202
chr12	119500000	120250000	P5_DCIS	1|1	0.321431	3|1	0.396043	3|1	0.282526
chr12	119500000	120250000	P5_INV	1|1	0.563992	3|1	0.223807	3|1	0.212202
chr12	120500000	121750000	P5_DCIS	1|1	0.321431	3|1	0.396043	3|1	0.282526
chr12	120500000	121750000	P5_INV	1|1	0.563992	3|1	0.223807	3|1	0.212202
chr12	122000000	122250000	P5_DCIS	1|1	0.321431	5|1	0.396043	3|1	0.282526
chr12	122000000	122250000	P5_INV	1|1	0.563992	5|1	0.223807	3|1	0.212202
chr12	122250000	122750000	P5_DCIS	1|1	0.321431	3|1	0.396043	3|1	0.282526
chr12	122250000	122750000	P5_INV	1|1	0.563992	3|1	0.223807	3|1	0.212202
chr12	122750000	123000000	P5_DCIS	1|1	0.321431	2|2	0.396043	6|1	0.282526
chr12	122750000	123000000	P5_INV	1|1	0.563992	2|2	0.223807	6|1	0.212202
chr12	123000000	124000000	P5_DCIS	1|1	0.321431	3|1	0.396043	3|1	0.282526
chr12	123000000	124000000	P5_INV	1|1	0.563992	3|1	0.223807	3|1	0.212202
chr12	124250000	124500000	P5_DCIS	1|1	0.321431	3|1	0.396043	3|1	0.282526
chr12	124250000	124500000	P5_INV	1|1	0.563992	3|1	0.223807	3|1	0.212202
chr12	124750000	125000000	P5_DCIS	1|1	0.321431	3|1	0.396043	3|1	0.282526
chr12	124750000	125000000	P5_INV	1|1	0.563992	3|1	0.223807	3|1	0.212202
chr12	125250000	126250000	P5_DCIS	1|1	0.321431	3|1	0.396043	3|1	0.282526
chr12	125250000	126250000	P5_INV	1|1	0.563992	3|1	0.223807	3|1	0.212202
chr12	126750000	127000000	P5_DCIS	1|1	0.321431	2|2	0.396043	3|0	0.282526
chr12	126750000	127000000	P5_INV	1|1	0.563992	2|2	0.223807	3|0	0.212202
chr12	127250000	127750000	P5_DCIS	1|1	0.321431	3|1	0.396043	3|1	0.282526
chr12	127250000	127750000	P5_INV	1|1	0.563992	3|1	0.223807	3|1	0.212202
chr12	128750000	129000000	P5_DCIS	1|1	0.321431	2|1	0.396043	5|0	0.282526
chr12	128750000	129000000	P5_INV	1|1	0.563992	2|1	0.223807	5|0	0.212202
chr12	129000000	129500000	P5_DCIS	1|1	0.321431	3|1	0.396043	3|1	0.282526
chr12	129000000	129500000	P5_INV	1|1	0.563992	3|1	0.223807	3|1	0.212202
chr12	129500000	129750000	P5_DCIS	1|1	0.321431	2|1	0.396043	5|0	0.282526
chr12	129500000	129750000	P5_INV	1|1	0.563992	2|1	0.223807	5|0	0.212202
chr12	130750000	131500000	P5_DCIS	1|1	0.321431	3|1	0.396043	3|1	0.282526
chr12	130750000	131500000	P5_INV	1|1	0.563992	3|1	0.223807	3|1	0.212202
chr12	131500000	131750000	P5_DCIS	1|1	0.321431	2|1	0.396043	2|1	0.282526
chr12	131500000	131750000	P5_INV	1|1	0.563992	2|1	0.223807	2|1	0.212202
chr12	132000000	132750000	P5_DCIS	1|1	0.321431	3|1	0.396043	3|1	0.282526
chr12	132000000	132750000	P5_INV	1|1	0.563992	3|1	0.223807	3|1	0.212202
chr12	133000000	133250000	P5_DCIS	1|1	0.321431	2|1	0.396043	5|0	0.282526
chr12	133000000	133250000	P5_INV	1|1	0.563992	2|1	0.223807	5|0	0.212202
chr12	133250000	133851895	P5_DCIS	1|1	0.321431	3|1	0.396043	3|1	0.282526
chr12	133250000	133851895	P5_INV	1|1	0.563992	3|1	0.223807	3|1	0.212202
chr13	19000000	19500000	P5_DCIS	1|1	0.321431	3|1	0.396043	3|1	0.282526
chr13	19000000	19500000	P5_INV	1|1	0.563992	3|1	0.223807	3|1	0.212202
chr13	19500000	19750000	P5_DCIS	1|1	0.321431	3|2	0.396043	3|2	0.282526
chr13	19500000	19750000	P5_INV	1|1	0.563992	3|2	0.223807	3|2	0.212202
chr13	19750000	20250000	P5_DCIS	1|1	0.321431	3|1	0.396043	3|1	0.282526
chr13	19750000	20250000	P5_INV	1|1	0.563992	3|1	0.223807	3|1	0.212202
chr13	20500000	20750000	P5_DCIS	1|1	0.321431	2|1	0.396043	5|0	0.282526
chr13	20500000	20750000	P5_INV	1|1	0.563992	2|1	0.223807	5|0	0.212202
chr13	21000000	22500000	P5_DCIS	1|1	0.321431	3|1	0.396043	3|1	0.282526
chr13	21000000	22500000	P5_INV	1|1	0.563992	3|1	0.223807	3|1	0.212202
chr13	23250000	23500000	P5_DCIS	1|1	0.321431	3|1	0.396043	3|1	0.282526
chr13	23250000	23500000	P5_INV	1|1	0.563992	3|1	0.223807	3|1	0.212202
chr13	23500000	23750000	P5_DCIS	1|1	0.321431	2|1	0.396043	2|1	0.282526
chr13	23500000	23750000	P5_INV	1|1	0.563992	2|1	0.223807	2|1	0.212202
chr13	23750000	26250000	P5_DCIS	1|1	0.321431	3|1	0.396043	3|1	0.282526
chr13	23750000	26250000	P5_INV	1|1	0.563992	3|1	0.223807	3|1	0.212202
chr13	27000000	27500000	P5_DCIS	1|1	0.321431	3|1	0.396043	3|1	0.282526
chr13	27000000	27500000	P5_INV	1|1	0.563992	3|1	0.223807	3|1	0.212202
chr13	27750000	28000000	P5_DCIS	1|1	0.321431	2|1	0.396043	5|0	0.282526
chr13	27750000	28000000	P5_INV	1|1	0.563992	2|1	0.223807	5|0	0.212202
chr13	28000000	28250000	P5_DCIS	1|1	0.321431	3|1	0.396043	3|1	0.282526
chr13	28000000	28250000	P5_INV	1|1	0.563992	3|1	0.223807	3|1	0.212202
chr13	28250000	28500000	P5_DCIS	1|1	0.321431	2|1	0.396043	5|0	0.282526
chr13	28250000	28500000	P5_INV	1|1	0.563992	2|1	0.223807	5|0	0.212202
chr13	28500000	29000000	P5_DCIS	1|1	0.321431	3|1	0.396043	3|1	0.282526
chr13	28500000	29000000	P5_INV	1|1	0.563992	3|1	0.223807	3|1	0.212202
chr13	29000000	29250000	P5_DCIS	1|1	0.321431	3|2	0.396043	3|2	0.282526
chr13	29000000	29250000	P5_INV	1|1	0.563992	3|2	0.223807	3|2	0.212202
chr13	31000000	32000000	P5_DCIS	1|1	0.321431	3|1	0.396043	3|1	0.282526
chr13	31000000	32000000	P5_INV	1|1	0.563992	3|1	0.223807	3|1	0.212202
chr13	32250000	33750000	P5_DCIS	1|1	0.321431	3|1	0.396043	3|1	0.282526
chr13	32250000	33750000	P5_INV	1|1	0.563992	3|1	0.223807	3|1	0.212202
chr13	34500000	34750000	P5_DCIS	1|1	0.321431	2|1	0.396043	5|0	0.282526
chr13	34500000	34750000	P5_INV	1|1	0.563992	2|1	0.223807	5|0	0.212202
chr13	35500000	36000000	P5_DCIS	1|1	0.321431	2|1	0.396043	2|1	0.282526
chr13	35500000	36000000	P5_INV	1|1	0.563992	2|1	0.223807	2|1	0.212202
chr13	36000000	37000000	P5_DCIS	1|1	0.321431	3|1	0.396043	3|1	0.282526
chr13	36000000	37000000	P5_INV	1|1	0.563992	3|1	0.223807	3|1	0.212202
chr13	37250000	37750000	P5_DCIS	1|1	0.321431	3|1	0.396043	3|1	0.282526
chr13	37250000	37750000	P5_INV	1|1	0.563992	3|1	0.223807	3|1	0.212202
chr13	38000000	38750000	P5_DCIS	1|1	0.321431	3|1	0.396043	3|1	0.282526
chr13	38000000	38750000	P5_INV	1|1	0.563992	3|1	0.223807	3|1	0.212202
chr13	39250000	39750000	P5_DCIS	1|1	0.321431	2|1	0.396043	2|1	0.282526
chr13	39250000	39750000	P5_INV	1|1	0.563992	2|1	0.223807	2|1	0.212202
chr13	40000000	40500000	P5_DCIS	1|1	0.321431	3|1	0.396043	3|1	0.282526
chr13	40000000	40500000	P5_INV	1|1	0.563992	3|1	0.223807	3|1	0.212202
chr13	41500000	43250000	P5_DCIS	1|1	0.321431	3|1	0.396043	3|1	0.282526
chr13	41500000	43250000	P5_INV	1|1	0.563992	3|1	0.223807	3|1	0.212202
chr13	43250000	43500000	P5_DCIS	1|1	0.321431	2|1	0.396043	2|1	0.282526
chr13	43250000	43500000	P5_INV	1|1	0.563992	2|1	0.223807	2|1	0.212202
chr13	43500000	44000000	P5_DCIS	1|1	0.321431	3|1	0.396043	3|1	0.282526
chr13	43500000	44000000	P5_INV	1|1	0.563992	3|1	0.223807	3|1	0.212202
chr13	45000000	45250000	P5_DCIS	1|1	0.321431	2|1	0.396043	5|0	0.282526
chr13	45000000	45250000	P5_INV	1|1	0.563992	2|1	0.223807	5|0	0.212202
chr13	45500000	46250000	P5_DCIS	1|1	0.321431	3|1	0.396043	3|1	0.282526
chr13	45500000	46250000	P5_INV	1|1	0.563992	3|1	0.223807	3|1	0.212202
chr13	46250000	46500000	P5_DCIS	1|1	0.321431	2|1	0.396043	5|0	0.282526
chr13	46250000	46500000	P5_INV	1|1	0.563992	2|1	0.223807	5|0	0.212202
chr13	46500000	47000000	P5_DCIS	1|1	0.321431	3|1	0.396043	3|1	0.282526
chr13	46500000	47000000	P5_INV	1|1	0.563992	3|1	0.223807	3|1	0.212202
chr13	47250000	47500000	P5_DCIS	1|1	0.321431	3|1	0.396043	3|1	0.282526
chr13	47250000	47500000	P5_INV	1|1	0.563992	3|1	0.223807	3|1	0.212202
chr13	48500000	49000000	P5_DCIS	1|1	0.321431	3|1	0.396043	3|1	0.282526
chr13	48500000	49000000	P5_INV	1|1	0.563992	3|1	0.223807	3|1	0.212202
chr13	49500000	49750000	P5_DCIS	1|1	0.321431	2|2	0.396043	6|1	0.282526
chr13	49500000	49750000	P5_INV	1|1	0.563992	2|2	0.223807	6|1	0.212202
chr13	49750000	50250000	P5_DCIS	1|1	0.321431	3|1	0.396043	3|1	0.282526
chr13	49750000	50250000	P5_INV	1|1	0.563992	3|1	0.223807	3|1	0.212202
chr13	50250000	50500000	P5_DCIS	1|1	0.321431	2|1	0.396043	2|1	0.282526
chr13	50250000	50500000	P5_INV	1|1	0.563992	2|1	0.223807	2|1	0.212202
chr13	50500000	50750000	P5_DCIS	1|1	0.321431	3|1	0.396043	3|1	0.282526
chr13	50500000	50750000	P5_INV	1|1	0.563992	3|1	0.223807	3|1	0.212202
chr13	50750000	51000000	P5_DCIS	1|1	0.321431	2|1	0.396043	2|1	0.282526
chr13	50750000	51000000	P5_INV	1|1	0.563992	2|1	0.223807	2|1	0.212202
chr13	51500000	52750000	P5_DCIS	1|1	0.321431	3|1	0.396043	3|1	0.282526
chr13	51500000	52750000	P5_INV	1|1	0.563992	3|1	0.223807	3|1	0.212202
chr13	53250000	53500000	P5_DCIS	1|1	0.321431	3|1	0.396043	3|1	0.282526
chr13	53250000	53500000	P5_INV	1|1	0.563992	3|1	0.223807	3|1	0.212202
chr13	53500000	53750000	P5_DCIS	1|1	0.321431	2|1	0.396043	2|1	0.282526
chr13	53500000	53750000	P5_INV	1|1	0.563992	2|1	0.223807	2|1	0.212202
chr13	53750000	54000000	P5_DCIS	1|1	0.321431	3|1	0.396043	3|1	0.282526
chr13	53750000	54000000	P5_INV	1|1	0.563992	3|1	0.223807	3|1	0.212202
chr13	57500000	57750000	P5_DCIS	1|1	0.321431	2|1	0.396043	5|0	0.282526
chr13	57500000	57750000	P5_INV	1|1	0.563992	2|1	0.223807	5|0	0.212202
chr13	59000000	59250000	P5_DCIS	1|1	0.321431	3|1	0.396043	3|1	0.282526
chr13	59000000	59250000	P5_INV	1|1	0.563992	3|1	0.223807	3|1	0.212202
chr13	59250000	59500000	P5_DCIS	1|1	0.321431	2|2	0.396043	3|0	0.282526
chr13	59250000	59500000	P5_INV	1|1	0.563992	2|2	0.223807	3|0	0.212202
chr13	60750000	61000000	P5_DCIS	1|1	0.321431	2|1	0.396043	5|0	0.282526
chr13	60750000	61000000	P5_INV	1|1	0.563992	2|1	0.223807	5|0	0.212202
chr13	61000000	61250000	P5_DCIS	1|1	0.321431	3|1	0.396043	3|1	0.282526
chr13	61000000	61250000	P5_INV	1|1	0.563992	3|1	0.223807	3|1	0.212202
chr13	64250000	64500000	P5_DCIS	1|1	0.321431	2|1	0.396043	5|0	0.282526
chr13	64250000	64500000	P5_INV	1|1	0.563992	2|1	0.223807	5|0	0.212202
chr13	64500000	64750000	P5_DCIS	1|1	0.321431	2|1	0.396043	2|1	0.282526
chr13	64500000	64750000	P5_INV	1|1	0.563992	2|1	0.223807	2|1	0.212202
chr13	67000000	67250000	P5_DCIS	1|1	0.321431	2|2	0.396043	3|0	0.282526
chr13	67000000	67250000	P5_INV	1|1	0.563992	2|2	0.223807	3|0	0.212202
chr13	67750000	68000000	P5_DCIS	1|1	0.321431	3|1	0.396043	3|1	0.282526
chr13	67750000	68000000	P5_INV	1|1	0.563992	3|1	0.223807	3|1	0.212202
chr13	68250000	68500000	P5_DCIS	1|1	0.321431	3|1	0.396043	3|1	0.282526
chr13	68250000	68500000	P5_INV	1|1	0.563992	3|1	0.223807	3|1	0.212202
chr13	70500000	70750000	P5_DCIS	1|1	0.321431	2|1	0.396043	5|0	0.282526
chr13	70500000	70750000	P5_INV	1|1	0.563992	2|1	0.223807	5|0	0.212202
chr13	71500000	72000000	P5_DCIS	1|1	0.321431	2|1	0.396043	5|0	0.282526
chr13	71500000	72000000	P5_INV	1|1	0.563992	2|1	0.223807	5|0	0.212202
chr13	73750000	74000000	P5_DCIS	1|1	0.321431	2|1	0.396043	5|0	0.282526
chr13	73750000	74000000	P5_INV	1|1	0.563992	2|1	0.223807	5|0	0.212202
chr13	74250000	74500000	P5_DCIS	1|1	0.321431	3|1	0.396043	3|1	0.282526
chr13	74250000	74500000	P5_INV	1|1	0.563992	3|1	0.223807	3|1	0.212202
chr13	75750000	76000000	P5_DCIS	1|1	0.321431	9|1	0.396043	2|1	0.282526
chr13	75750000	76000000	P5_INV	1|1	0.563992	9|1	0.223807	2|1	0.212202
chr13	76250000	76500000	P5_DCIS	1|1	0.321431	2|1	0.396043	5|0	0.282526
chr13	76250000	76500000	P5_INV	1|1	0.563992	2|1	0.223807	5|0	0.212202
chr13	77500000	77750000	P5_DCIS	1|1	0.321431	3|1	0.396043	3|1	0.282526
chr13	77500000	77750000	P5_INV	1|1	0.563992	3|1	0.223807	3|1	0.212202
chr13	77750000	78000000	P5_DCIS	1|1	0.321431	2|2	0.396043	6|1	0.282526
chr13	77750000	78000000	P5_INV	1|1	0.563992	2|2	0.223807	6|1	0.212202
chr13	78000000	78500000	P5_DCIS	1|1	0.321431	3|1	0.396043	3|1	0.282526
chr13	78000000	78500000	P5_INV	1|1	0.563992	3|1	0.223807	3|1	0.212202
chr13	79250000	79750000	P5_DCIS	1|1	0.321431	2|1	0.396043	5|0	0.282526
chr13	79250000	79750000	P5_INV	1|1	0.563992	2|1	0.223807	5|0	0.212202
chr13	82000000	82250000	P5_DCIS	1|1	0.321431	3|1	0.396043	3|1	0.282526
chr13	82000000	82250000	P5_INV	1|1	0.563992	3|1	0.223807	3|1	0.212202
chr13	82250000	82500000	P5_DCIS	1|1	0.321431	2|2	0.396043	3|0	0.282526
chr13	82250000	82500000	P5_INV	1|1	0.563992	2|2	0.223807	3|0	0.212202
chr13	82750000	83000000	P5_DCIS	1|1	0.321431	3|1	0.396043	3|1	0.282526
chr13	82750000	83000000	P5_INV	1|1	0.563992	3|1	0.223807	3|1	0.212202
chr13	83500000	83750000	P5_DCIS	1|1	0.321431	3|1	0.396043	3|1	0.282526
chr13	83500000	83750000	P5_INV	1|1	0.563992	3|1	0.223807	3|1	0.212202
chr13	84500000	84750000	P5_DCIS	1|1	0.321431	2|1	0.396043	5|0	0.282526
chr13	84500000	84750000	P5_INV	1|1	0.563992	2|1	0.223807	5|0	0.212202
chr13	85000000	85250000	P5_DCIS	1|1	0.321431	2|1	0.396043	5|0	0.282526
chr13	85000000	85250000	P5_INV	1|1	0.563992	2|1	0.223807	5|0	0.212202
chr13	86250000	86500000	P5_DCIS	1|1	0.321431	2|1	0.396043	5|0	0.282526
chr13	86250000	86500000	P5_INV	1|1	0.563992	2|1	0.223807	5|0	0.212202
chr13	86750000	87000000	P5_DCIS	1|1	0.321431	2|1	0.396043	5|0	0.282526
chr13	86750000	87000000	P5_INV	1|1	0.563992	2|1	0.223807	5|0	0.212202
chr13	89500000	89750000	P5_DCIS	1|1	0.321431	5|1	0.396043	3|1	0.282526
chr13	89500000	89750000	P5_INV	1|1	0.563992	5|1	0.223807	3|1	0.212202
chr13	90500000	90750000	P5_DCIS	1|1	0.321431	3|1	0.396043	3|1	0.282526
chr13	90500000	90750000	P5_INV	1|1	0.563992	3|1	0.223807	3|1	0.212202
chr13	90750000	91000000	P5_DCIS	1|1	0.321431	2|1	0.396043	5|0	0.282526
chr13	90750000	91000000	P5_INV	1|1	0.563992	2|1	0.223807	5|0	0.212202
chr13	92250000	92500000	P5_DCIS	1|1	0.321431	5|0	0.396043	8|2	0.282526
chr13	92250000	92500000	P5_INV	1|1	0.563992	5|0	0.223807	8|2	0.212202
chr13	92750000	93000000	P5_DCIS	1|1	0.321431	5|0	0.396043	8|2	0.282526
chr13	92750000	93000000	P5_INV	1|1	0.563992	5|0	0.223807	8|2	0.212202
chr13	94750000	95000000	P5_DCIS	1|1	0.321431	5|0	0.396043	8|2	0.282526
chr13	94750000	95000000	P5_INV	1|1	0.563992	5|0	0.223807	8|2	0.212202
chr13	95000000	96750000	P5_DCIS	1|1	0.321431	9|1	0.396043	2|1	0.282526
chr13	95000000	96750000	P5_INV	1|1	0.563992	9|1	0.223807	2|1	0.212202
chr13	97500000	97750000	P5_DCIS	1|1	0.321431	5|1	0.396043	3|1	0.282526
chr13	97500000	97750000	P5_INV	1|1	0.563992	5|1	0.223807	3|1	0.212202
chr13	98500000	99750000	P5_DCIS	1|1	0.321431	9|1	0.396043	2|1	0.282526
chr13	98500000	99750000	P5_INV	1|1	0.563992	9|1	0.223807	2|1	0.212202
chr13	99750000	100000000	P5_DCIS	1|1	0.321431	5|1	0.396043	3|1	0.282526
chr13	99750000	100000000	P5_INV	1|1	0.563992	5|1	0.223807	3|1	0.212202
chr13	100500000	100750000	P5_DCIS	1|1	0.321431	3|2	0.396043	3|2	0.282526
chr13	100500000	100750000	P5_INV	1|1	0.563992	3|2	0.223807	3|2	0.212202
chr13	100750000	101750000	P5_DCIS	1|1	0.321431	3|1	0.396043	3|1	0.282526
chr13	100750000	101750000	P5_INV	1|1	0.563992	3|1	0.223807	3|1	0.212202
chr13	101750000	102000000	P5_DCIS	1|1	0.321431	2|1	0.396043	5|0	0.282526
chr13	101750000	102000000	P5_INV	1|1	0.563992	2|1	0.223807	5|0	0.212202
chr13	102000000	102500000	P5_DCIS	1|1	0.321431	3|1	0.396043	3|1	0.282526
chr13	102000000	102500000	P5_INV	1|1	0.563992	3|1	0.223807	3|1	0.212202
chr13	102500000	102750000	P5_DCIS	1|1	0.321431	2|1	0.396043	2|1	0.282526
chr13	102500000	102750000	P5_INV	1|1	0.563992	2|1	0.223807	2|1	0.212202
chr13	103250000	103750000	P5_DCIS	1|1	0.321431	3|1	0.396043	3|1	0.282526
chr13	103250000	103750000	P5_INV	1|1	0.563992	3|1	0.223807	3|1	0.212202
chr13	106000000	106250000	P5_DCIS	1|1	0.321431	3|1	0.396043	3|1	0.282526
chr13	106000000	106250000	P5_INV	1|1	0.563992	3|1	0.223807	3|1	0.212202
chr13	107000000	107250000	P5_DCIS	1|1	0.321431	2|1	0.396043	2|1	0.282526
chr13	107000000	107250000	P5_INV	1|1	0.563992	2|1	0.223807	2|1	0.212202
chr13	107750000	108000000	P5_DCIS	1|1	0.321431	2|1	0.396043	2|1	0.282526
chr13	107750000	108000000	P5_INV	1|1	0.563992	2|1	0.223807	2|1	0.212202
chr13	108750000	109000000	P5_DCIS	1|1	0.321431	2|1	0.396043	2|1	0.282526
chr13	108750000	109000000	P5_INV	1|1	0.563992	2|1	0.223807	2|1	0.212202
chr13	109250000	110000000	P5_DCIS	1|1	0.321431	3|1	0.396043	3|1	0.282526
chr13	109250000	110000000	P5_INV	1|1	0.563992	3|1	0.223807	3|1	0.212202
chr13	110250000	110500000	P5_DCIS	1|1	0.321431	3|1	0.396043	3|1	0.282526
chr13	110250000	110500000	P5_INV	1|1	0.563992	3|1	0.223807	3|1	0.212202
chr13	110750000	112000000	P5_DCIS	1|1	0.321431	3|1	0.396043	3|1	0.282526
chr13	110750000	112000000	P5_INV	1|1	0.563992	3|1	0.223807	3|1	0.212202
chr13	112500000	112750000	P5_DCIS	1|1	0.321431	3|1	0.396043	3|1	0.282526
chr13	112500000	112750000	P5_INV	1|1	0.563992	3|1	0.223807	3|1	0.212202
chr13	113000000	113750000	P5_DCIS	1|1	0.321431	3|1	0.396043	3|1	0.282526
chr13	113000000	113750000	P5_INV	1|1	0.563992	3|1	0.223807	3|1	0.212202
chr13	113750000	114000000	P5_DCIS	1|1	0.321431	5|1	0.396043	3|1	0.282526
chr13	113750000	114000000	P5_INV	1|1	0.563992	5|1	0.223807	3|1	0.212202
chr13	114000000	114250000	P5_DCIS	1|1	0.321431	3|1	0.396043	3|1	0.282526
chr13	114000000	114250000	P5_INV	1|1	0.563992	3|1	0.223807	3|1	0.212202
chr13	114500000	114750000	P5_DCIS	1|1	0.321431	2|1	0.396043	5|0	0.282526
chr13	114500000	114750000	P5_INV	1|1	0.563992	2|1	0.223807	5|0	0.212202
chr13	114750000	115169878	P5_DCIS	1|1	0.321431	3|1	0.396043	3|1	0.282526
chr13	114750000	115169878	P5_INV	1|1	0.563992	3|1	0.223807	3|1	0.212202
chr14	19000000	19250000	P5_DCIS	1|1	0.321431	5|2	0.396043	2|2	0.282526
chr14	19000000	19250000	P5_INV	1|1	0.563992	5|2	0.223807	2|2	0.212202
chr14	19250000	20250000	P5_DCIS	1|1	0.321431	3|2	0.396043	3|2	0.282526
chr14	19250000	20250000	P5_INV	1|1	0.563992	3|2	0.223807	3|2	0.212202
chr14	20250000	21750000	P5_DCIS	1|1	0.321431	4|4	0.396043	2|2	0.282526
chr14	20250000	21750000	P5_INV	1|1	0.563992	4|4	0.223807	2|2	0.212202
chr14	21750000	22000000	P5_DCIS	1|1	0.321431	7|4	0.396043	3|2	0.282526
chr14	21750000	22000000	P5_INV	1|1	0.563992	7|4	0.223807	3|2	0.212202
chr14	22000000	22500000	P5_DCIS	1|1	0.321431	4|4	0.396043	2|2	0.282526
chr14	22000000	22500000	P5_INV	1|1	0.563992	4|4	0.223807	2|2	0.212202
chr14	22500000	22750000	P5_DCIS	1|1	0.321431	3|2	0.396043	3|2	0.282526
chr14	22500000	22750000	P5_INV	1|1	0.563992	3|2	0.223807	3|2	0.212202
chr14	22750000	23250000	P5_DCIS	1|1	0.321431	4|4	0.396043	2|2	0.282526
chr14	22750000	23250000	P5_INV	1|1	0.563992	4|4	0.223807	2|2	0.212202
chr14	23250000	23750000	P5_DCIS	1|1	0.321431	7|4	0.396043	3|2	0.282526
chr14	23250000	23750000	P5_INV	1|1	0.563992	7|4	0.223807	3|2	0.212202
chr14	23750000	24250000	P5_DCIS	1|1	0.321431	4|4	0.396043	2|2	0.282526
chr14	23750000	24250000	P5_INV	1|1	0.563992	4|4	0.223807	2|2	0.212202
chr14	24250000	24500000	P5_DCIS	1|1	0.321431	4|4	0.396043	4|3	0.282526
chr14	24250000	24500000	P5_INV	1|1	0.563992	4|4	0.223807	4|3	0.212202
chr14	24500000	25000000	P5_DCIS	1|1	0.321431	4|4	0.396043	2|2	0.282526
chr14	24500000	25000000	P5_INV	1|1	0.563992	4|4	0.223807	2|2	0.212202
chr14	25000000	25250000	P5_DCIS	1|1	0.321431	7|4	0.396043	3|2	0.282526
chr14	25000000	25250000	P5_INV	1|1	0.563992	7|4	0.223807	3|2	0.212202
chr14	25250000	25500000	P5_DCIS	1|1	0.321431	3|2	0.396043	3|2	0.282526
chr14	25250000	25500000	P5_INV	1|1	0.563992	3|2	0.223807	3|2	0.212202
chr14	25500000	25750000	P5_DCIS	1|1	0.321431	2|2	0.396043	5|2	0.282526
chr14	25500000	25750000	P5_INV	1|1	0.563992	2|2	0.223807	5|2	0.212202
chr14	25750000	26000000	P5_DCIS	1|1	0.321431	3|2	0.396043	3|2	0.282526
chr14	25750000	26000000	P5_INV	1|1	0.563992	3|2	0.223807	3|2	0.212202
chr14	27000000	27250000	P5_DCIS	1|1	0.321431	3|2	0.396043	3|2	0.282526
chr14	27000000	27250000	P5_INV	1|1	0.563992	3|2	0.223807	3|2	0.212202
chr14	27750000	28000000	P5_DCIS	1|1	0.321431	2|2	0.396043	6|1	0.282526
chr14	27750000	28000000	P5_INV	1|1	0.563992	2|2	0.223807	6|1	0.212202
chr14	28500000	28750000	P5_DCIS	1|1	0.321431	4|4	0.396043	2|2	0.282526
chr14	28500000	28750000	P5_INV	1|1	0.563992	4|4	0.223807	2|2	0.212202
chr14	29000000	29250000	P5_DCIS	1|1	0.321431	3|2	0.396043	3|2	0.282526
chr14	29000000	29250000	P5_INV	1|1	0.563992	3|2	0.223807	3|2	0.212202
chr14	30000000	30250000	P5_DCIS	1|1	0.321431	3|2	0.396043	3|2	0.282526
chr14	30000000	30250000	P5_INV	1|1	0.563992	3|2	0.223807	3|2	0.212202
chr14	31000000	31500000	P5_DCIS	1|1	0.321431	4|4	0.396043	2|2	0.282526
chr14	31000000	31500000	P5_INV	1|1	0.563992	4|4	0.223807	2|2	0.212202
chr14	31500000	32000000	P5_DCIS	1|1	0.321431	7|4	0.396043	3|2	0.282526
chr14	31500000	32000000	P5_INV	1|1	0.563992	7|4	0.223807	3|2	0.212202
chr14	32000000	32250000	P5_DCIS	1|1	0.321431	5|2	0.396043	4|2	0.282526
chr14	32000000	32250000	P5_INV	1|1	0.563992	5|2	0.223807	4|2	0.212202
chr14	32250000	32500000	P5_DCIS	1|1	0.321431	4|4	0.396043	2|2	0.282526
chr14	32250000	32500000	P5_INV	1|1	0.563992	4|4	0.223807	2|2	0.212202
chr14	32500000	32750000	P5_DCIS	1|1	0.321431	3|2	0.396043	3|2	0.282526
chr14	32500000	32750000	P5_INV	1|1	0.563992	3|2	0.223807	3|2	0.212202
chr14	33000000	33500000	P5_DCIS	1|1	0.321431	4|4	0.396043	2|2	0.282526
chr14	33000000	33500000	P5_INV	1|1	0.563992	4|4	0.223807	2|2	0.212202
chr14	33750000	34000000	P5_DCIS	1|1	0.321431	3|2	0.396043	3|2	0.282526
chr14	33750000	34000000	P5_INV	1|1	0.563992	3|2	0.223807	3|2	0.212202
chr14	34750000	36250000	P5_DCIS	1|1	0.321431	7|4	0.396043	3|2	0.282526
chr14	34750000	36250000	P5_INV	1|1	0.563992	7|4	0.223807	3|2	0.212202
chr14	36500000	37000000	P5_DCIS	1|1	0.321431	4|4	0.396043	2|2	0.282526
chr14	36500000	37000000	P5_INV	1|1	0.563992	4|4	0.223807	2|2	0.212202
chr14	37000000	37500000	P5_DCIS	1|1	0.321431	3|2	0.396043	3|2	0.282526
chr14	37000000	37500000	P5_INV	1|1	0.563992	3|2	0.223807	3|2	0.212202
chr14	38000000	38250000	P5_DCIS	1|1	0.321431	4|4	0.396043	2|2	0.282526
chr14	38000000	38250000	P5_INV	1|1	0.563992	4|4	0.223807	2|2	0.212202
chr14	38500000	38750000	P5_DCIS	1|1	0.321431	3|2	0.396043	3|2	0.282526
chr14	38500000	38750000	P5_INV	1|1	0.563992	3|2	0.223807	3|2	0.212202
chr14	39500000	40000000	P5_DCIS	1|1	0.321431	7|4	0.396043	3|2	0.282526
chr14	39500000	40000000	P5_INV	1|1	0.563992	7|4	0.223807	3|2	0.212202
chr14	42250000	42500000	P5_DCIS	1|1	0.321431	3|2	0.396043	3|2	0.282526
chr14	42250000	42500000	P5_INV	1|1	0.563992	3|2	0.223807	3|2	0.212202
chr14	43000000	43250000	P5_DCIS	1|1	0.321431	3|2	0.396043	3|2	0.282526
chr14	43000000	43250000	P5_INV	1|1	0.563992	3|2	0.223807	3|2	0.212202
chr14	43500000	43750000	P5_DCIS	1|1	0.321431	2|2	0.396043	2|2	0.282526
chr14	43500000	43750000	P5_INV	1|1	0.563992	2|2	0.223807	2|2	0.212202
chr14	44000000	44250000	P5_DCIS	1|1	0.321431	3|1	0.396043	3|1	0.282526
chr14	44000000	44250000	P5_INV	1|1	0.563992	3|1	0.223807	3|1	0.212202
chr14	44500000	44750000	P5_DCIS	1|1	0.321431	4|4	0.396043	2|2	0.282526
chr14	44500000	44750000	P5_INV	1|1	0.563992	4|4	0.223807	2|2	0.212202
chr14	44750000	45000000	P5_DCIS	1|1	0.321431	3|2	0.396043	3|2	0.282526
chr14	44750000	45000000	P5_INV	1|1	0.563992	3|2	0.223807	3|2	0.212202
chr14	45250000	45750000	P5_DCIS	1|1	0.321431	4|4	0.396043	2|2	0.282526
chr14	45250000	45750000	P5_INV	1|1	0.563992	4|4	0.223807	2|2	0.212202
chr14	47000000	47250000	P5_DCIS	1|1	0.321431	2|2	0.396043	3|0	0.282526
chr14	47000000	47250000	P5_INV	1|1	0.563992	2|2	0.223807	3|0	0.212202
chr14	47500000	47750000	P5_DCIS	1|1	0.321431	4|4	0.396043	2|2	0.282526
chr14	47500000	47750000	P5_INV	1|1	0.563992	4|4	0.223807	2|2	0.212202
chr14	49250000	49500000	P5_DCIS	1|1	0.321431	3|2	0.396043	3|2	0.282526
chr14	49250000	49500000	P5_INV	1|1	0.563992	3|2	0.223807	3|2	0.212202
chr14	50000000	50750000	P5_DCIS	1|1	0.321431	7|4	0.396043	3|2	0.282526
chr14	50000000	50750000	P5_INV	1|1	0.563992	7|4	0.223807	3|2	0.212202
chr14	50750000	51500000	P5_DCIS	1|1	0.321431	4|4	0.396043	2|2	0.282526
chr14	50750000	51500000	P5_INV	1|1	0.563992	4|4	0.223807	2|2	0.212202
chr14	51500000	51750000	P5_DCIS	1|1	0.321431	5|2	0.396043	2|2	0.282526
chr14	51500000	51750000	P5_INV	1|1	0.563992	5|2	0.223807	2|2	0.212202
chr14	52000000	53500000	P5_DCIS	1|1	0.321431	3|2	0.396043	3|2	0.282526
chr14	52000000	53500000	P5_INV	1|1	0.563992	3|2	0.223807	3|2	0.212202
chr14	53500000	53750000	P5_DCIS	1|1	0.321431	5|2	0.396043	2|2	0.282526
chr14	53500000	53750000	P5_INV	1|1	0.563992	5|2	0.223807	2|2	0.212202
chr14	54250000	54500000	P5_DCIS	1|1	0.321431	5|2	0.396043	2|2	0.282526
chr14	54250000	54500000	P5_INV	1|1	0.563992	5|2	0.223807	2|2	0.212202
chr14	55000000	55250000	P5_DCIS	1|1	0.321431	5|2	0.396043	2|2	0.282526
chr14	55000000	55250000	P5_INV	1|1	0.563992	5|2	0.223807	2|2	0.212202
chr14	55250000	56250000	P5_DCIS	1|1	0.321431	3|2	0.396043	3|2	0.282526
chr14	55250000	56250000	P5_INV	1|1	0.563992	3|2	0.223807	3|2	0.212202
chr14	57000000	57250000	P5_DCIS	1|1	0.321431	3|2	0.396043	3|2	0.282526
chr14	57000000	57250000	P5_INV	1|1	0.563992	3|2	0.223807	3|2	0.212202
chr14	57250000	57500000	P5_DCIS	1|1	0.321431	5|2	0.396043	2|2	0.282526
chr14	57250000	57500000	P5_INV	1|1	0.563992	5|2	0.223807	2|2	0.212202
chr14	57500000	58000000	P5_DCIS	1|1	0.321431	3|2	0.396043	3|2	0.282526
chr14	57500000	58000000	P5_INV	1|1	0.563992	3|2	0.223807	3|2	0.212202
chr14	58000000	58250000	P5_DCIS	1|1	0.321431	5|2	0.396043	2|2	0.282526
chr14	58000000	58250000	P5_INV	1|1	0.563992	5|2	0.223807	2|2	0.212202
chr14	58500000	58750000	P5_DCIS	1|1	0.321431	5|2	0.396043	2|2	0.282526
chr14	58500000	58750000	P5_INV	1|1	0.563992	5|2	0.223807	2|2	0.212202
chr14	58750000	59000000	P5_DCIS	1|1	0.321431	3|2	0.396043	3|2	0.282526
chr14	58750000	59000000	P5_INV	1|1	0.563992	3|2	0.223807	3|2	0.212202
chr14	59250000	60000000	P5_DCIS	1|1	0.321431	8|2	0.396043	2|2	0.282526
chr14	59250000	60000000	P5_INV	1|1	0.563992	8|2	0.223807	2|2	0.212202
chr14	60000000	60250000	P5_DCIS	1|1	0.321431	3|2	0.396043	3|2	0.282526
chr14	60000000	60250000	P5_INV	1|1	0.563992	3|2	0.223807	3|2	0.212202
chr14	60500000	60750000	P5_DCIS	1|1	0.321431	3|2	0.396043	3|2	0.282526
chr14	60500000	60750000	P5_INV	1|1	0.563992	3|2	0.223807	3|2	0.212202
chr14	60750000	61000000	P5_DCIS	1|1	0.321431	2|2	0.396043	2|2	0.282526
chr14	60750000	61000000	P5_INV	1|1	0.563992	2|2	0.223807	2|2	0.212202
chr14	61000000	61500000	P5_DCIS	1|1	0.321431	3|2	0.396043	3|2	0.282526
chr14	61000000	61500000	P5_INV	1|1	0.563992	3|2	0.223807	3|2	0.212202
chr14	62250000	62750000	P5_DCIS	1|1	0.321431	2|2	0.396043	2|2	0.282526
chr14	62250000	62750000	P5_INV	1|1	0.563992	2|2	0.223807	2|2	0.212202
chr14	63000000	63250000	P5_DCIS	1|1	0.321431	2|2	0.396043	2|2	0.282526
chr14	63000000	63250000	P5_INV	1|1	0.563992	2|2	0.223807	2|2	0.212202
chr14	63500000	63750000	P5_DCIS	1|1	0.321431	3|2	0.396043	3|2	0.282526
chr14	63500000	63750000	P5_INV	1|1	0.563992	3|2	0.223807	3|2	0.212202
chr14	63750000	64000000	P5_DCIS	1|1	0.321431	2|2	0.396043	2|2	0.282526
chr14	63750000	64000000	P5_INV	1|1	0.563992	2|2	0.223807	2|2	0.212202
chr14	64000000	64250000	P5_DCIS	1|1	0.321431	4|4	0.396043	2|2	0.282526
chr14	64000000	64250000	P5_INV	1|1	0.563992	4|4	0.223807	2|2	0.212202
chr14	64250000	65000000	P5_DCIS	1|1	0.321431	3|2	0.396043	3|2	0.282526
chr14	64250000	65000000	P5_INV	1|1	0.563992	3|2	0.223807	3|2	0.212202
chr14	65000000	65500000	P5_DCIS	1|1	0.321431	5|2	0.396043	2|2	0.282526
chr14	65000000	65500000	P5_INV	1|1	0.563992	5|2	0.223807	2|2	0.212202
chr14	65500000	65750000	P5_DCIS	1|1	0.321431	7|4	0.396043	3|2	0.282526
chr14	65500000	65750000	P5_INV	1|1	0.563992	7|4	0.223807	3|2	0.212202
chr14	66000000	66250000	P5_DCIS	1|1	0.321431	5|2	0.396043	2|2	0.282526
chr14	66000000	66250000	P5_INV	1|1	0.563992	5|2	0.223807	2|2	0.212202
chr14	66250000	66750000	P5_DCIS	1|1	0.321431	3|2	0.396043	3|2	0.282526
chr14	66250000	66750000	P5_INV	1|1	0.563992	3|2	0.223807	3|2	0.212202
chr14	68000000	68500000	P5_DCIS	1|1	0.321431	5|2	0.396043	2|2	0.282526
chr14	68000000	68500000	P5_INV	1|1	0.563992	5|2	0.223807	2|2	0.212202
chr14	68750000	69000000	P5_DCIS	1|1	0.321431	3|2	0.396043	3|2	0.282526
chr14	68750000	69000000	P5_INV	1|1	0.563992	3|2	0.223807	3|2	0.212202
chr14	69250000	70000000	P5_DCIS	1|1	0.321431	5|2	0.396043	2|2	0.282526
chr14	69250000	70000000	P5_INV	1|1	0.563992	5|2	0.223807	2|2	0.212202
chr14	70000000	70500000	P5_DCIS	1|1	0.321431	3|2	0.396043	3|2	0.282526
chr14	70000000	70500000	P5_INV	1|1	0.563992	3|2	0.223807	3|2	0.212202
chr14	70500000	70750000	P5_DCIS	1|1	0.321431	5|2	0.396043	2|2	0.282526
chr14	70500000	70750000	P5_INV	1|1	0.563992	5|2	0.223807	2|2	0.212202
chr14	70750000	71250000	P5_DCIS	1|1	0.321431	3|2	0.396043	3|2	0.282526
chr14	70750000	71250000	P5_INV	1|1	0.563992	3|2	0.223807	3|2	0.212202
chr14	71250000	71500000	P5_DCIS	1|1	0.321431	5|2	0.396043	2|2	0.282526
chr14	71250000	71500000	P5_INV	1|1	0.563992	5|2	0.223807	2|2	0.212202
chr14	71500000	71750000	P5_DCIS	1|1	0.321431	3|2	0.396043	3|2	0.282526
chr14	71500000	71750000	P5_INV	1|1	0.563992	3|2	0.223807	3|2	0.212202
chr14	72000000	72250000	P5_DCIS	1|1	0.321431	5|2	0.396043	2|2	0.282526
chr14	72000000	72250000	P5_INV	1|1	0.563992	5|2	0.223807	2|2	0.212202
chr14	72750000	73250000	P5_DCIS	1|1	0.321431	5|2	0.396043	2|2	0.282526
chr14	72750000	73250000	P5_INV	1|1	0.563992	5|2	0.223807	2|2	0.212202
chr14	73250000	73500000	P5_DCIS	1|1	0.321431	3|2	0.396043	3|2	0.282526
chr14	73250000	73500000	P5_INV	1|1	0.563992	3|2	0.223807	3|2	0.212202
chr14	73500000	73750000	P5_DCIS	1|1	0.321431	7|4	0.396043	3|2	0.282526
chr14	73500000	73750000	P5_INV	1|1	0.563992	7|4	0.223807	3|2	0.212202
chr14	73750000	74000000	P5_DCIS	1|1	0.321431	8|2	0.396043	2|2	0.282526
chr14	73750000	74000000	P5_INV	1|1	0.563992	8|2	0.223807	2|2	0.212202
chr14	74000000	74250000	P5_DCIS	1|1	0.321431	5|2	0.396043	2|2	0.282526
chr14	74000000	74250000	P5_INV	1|1	0.563992	5|2	0.223807	2|2	0.212202
chr14	74500000	74750000	P5_DCIS	1|1	0.321431	9|2	0.396043	2|4	0.282526
chr14	74500000	74750000	P5_INV	1|1	0.563992	9|2	0.223807	2|4	0.212202
chr14	74750000	75000000	P5_DCIS	1|1	0.321431	5|2	0.396043	2|2	0.282526
chr14	74750000	75000000	P5_INV	1|1	0.563992	5|2	0.223807	2|2	0.212202
chr14	75000000	75250000	P5_DCIS	1|1	0.321431	3|2	0.396043	3|2	0.282526
chr14	75000000	75250000	P5_INV	1|1	0.563992	3|2	0.223807	3|2	0.212202
chr14	75250000	75500000	P5_DCIS	1|1	0.321431	5|2	0.396043	2|2	0.282526
chr14	75250000	75500000	P5_INV	1|1	0.563992	5|2	0.223807	2|2	0.212202
chr14	75500000	75750000	P5_DCIS	1|1	0.321431	3|2	0.396043	3|2	0.282526
chr14	75500000	75750000	P5_INV	1|1	0.563992	3|2	0.223807	3|2	0.212202
chr14	76000000	76250000	P5_DCIS	1|1	0.321431	5|2	0.396043	2|2	0.282526
chr14	76000000	76250000	P5_INV	1|1	0.563992	5|2	0.223807	2|2	0.212202
chr14	76250000	76500000	P5_DCIS	1|1	0.321431	5|2	0.396043	4|2	0.282526
chr14	76250000	76500000	P5_INV	1|1	0.563992	5|2	0.223807	4|2	0.212202
chr14	76750000	77500000	P5_DCIS	1|1	0.321431	5|2	0.396043	2|2	0.282526
chr14	76750000	77500000	P5_INV	1|1	0.563992	5|2	0.223807	2|2	0.212202
chr14	77500000	78500000	P5_DCIS	1|1	0.321431	3|2	0.396043	3|2	0.282526
chr14	77500000	78500000	P5_INV	1|1	0.563992	3|2	0.223807	3|2	0.212202
chr14	78500000	78750000	P5_DCIS	1|1	0.321431	2|2	0.396043	6|1	0.282526
chr14	78500000	78750000	P5_INV	1|1	0.563992	2|2	0.223807	6|1	0.212202
chr14	79250000	79500000	P5_DCIS	1|1	0.321431	3|2	0.396043	3|2	0.282526
chr14	79250000	79500000	P5_INV	1|1	0.563992	3|2	0.223807	3|2	0.212202
chr14	80500000	80750000	P5_DCIS	1|1	0.321431	3|1	0.396043	3|1	0.282526
chr14	80500000	80750000	P5_INV	1|1	0.563992	3|1	0.223807	3|1	0.212202
chr14	81000000	81500000	P5_DCIS	1|1	0.321431	3|2	0.396043	3|2	0.282526
chr14	81000000	81500000	P5_INV	1|1	0.563992	3|2	0.223807	3|2	0.212202
chr14	81750000	82000000	P5_DCIS	1|1	0.321431	8|2	0.396043	2|2	0.282526
chr14	81750000	82000000	P5_INV	1|1	0.563992	8|2	0.223807	2|2	0.212202
chr14	82250000	82500000	P5_DCIS	1|1	0.321431	3|2	0.396043	3|2	0.282526
chr14	82250000	82500000	P5_INV	1|1	0.563992	3|2	0.223807	3|2	0.212202
chr14	83000000	83250000	P5_DCIS	1|1	0.321431	2|2	0.396043	2|2	0.282526
chr14	83000000	83250000	P5_INV	1|1	0.563992	2|2	0.223807	2|2	0.212202
chr14	84250000	84500000	P5_DCIS	1|1	0.321431	3|2	0.396043	3|2	0.282526
chr14	84250000	84500000	P5_INV	1|1	0.563992	3|2	0.223807	3|2	0.212202
chr14	88250000	89000000	P5_DCIS	1|1	0.321431	3|2	0.396043	3|2	0.282526
chr14	88250000	89000000	P5_INV	1|1	0.563992	3|2	0.223807	3|2	0.212202
chr14	89250000	89500000	P5_DCIS	1|1	0.321431	3|2	0.396043	3|2	0.282526
chr14	89250000	89500000	P5_INV	1|1	0.563992	3|2	0.223807	3|2	0.212202
chr14	89750000	90000000	P5_DCIS	1|1	0.321431	3|2	0.396043	3|2	0.282526
chr14	89750000	90000000	P5_INV	1|1	0.563992	3|2	0.223807	3|2	0.212202
chr14	90000000	90250000	P5_DCIS	1|1	0.321431	7|4	0.396043	3|2	0.282526
chr14	90000000	90250000	P5_INV	1|1	0.563992	7|4	0.223807	3|2	0.212202
chr14	90250000	90500000	P5_DCIS	1|1	0.321431	3|2	0.396043	3|2	0.282526
chr14	90250000	90500000	P5_INV	1|1	0.563992	3|2	0.223807	3|2	0.212202
chr14	90500000	90750000	P5_DCIS	1|1	0.321431	5|2	0.396043	2|2	0.282526
chr14	90500000	90750000	P5_INV	1|1	0.563992	5|2	0.223807	2|2	0.212202
chr14	90750000	91000000	P5_DCIS	1|1	0.321431	3|2	0.396043	3|2	0.282526
chr14	90750000	91000000	P5_INV	1|1	0.563992	3|2	0.223807	3|2	0.212202
chr14	91000000	91250000	P5_DCIS	1|1	0.321431	5|2	0.396043	2|2	0.282526
chr14	91000000	91250000	P5_INV	1|1	0.563992	5|2	0.223807	2|2	0.212202
chr14	91500000	91750000	P5_DCIS	1|1	0.321431	4|4	0.396043	2|2	0.282526
chr14	91500000	91750000	P5_INV	1|1	0.563992	4|4	0.223807	2|2	0.212202
chr14	91750000	92000000	P5_DCIS	1|1	0.321431	8|2	0.396043	2|2	0.282526
chr14	91750000	92000000	P5_INV	1|1	0.563992	8|2	0.223807	2|2	0.212202
chr14	92000000	92500000	P5_DCIS	1|1	0.321431	3|2	0.396043	3|2	0.282526
chr14	92000000	92500000	P5_INV	1|1	0.563992	3|2	0.223807	3|2	0.212202
chr14	92500000	92750000	P5_DCIS	1|1	0.321431	8|2	0.396043	2|2	0.282526
chr14	92500000	92750000	P5_INV	1|1	0.563992	8|2	0.223807	2|2	0.212202
chr14	92750000	93000000	P5_DCIS	1|1	0.321431	5|2	0.396043	2|2	0.282526
chr14	92750000	93000000	P5_INV	1|1	0.563992	5|2	0.223807	2|2	0.212202
chr14	93000000	93500000	P5_DCIS	1|1	0.321431	3|2	0.396043	3|2	0.282526
chr14	93000000	93500000	P5_INV	1|1	0.563992	3|2	0.223807	3|2	0.212202
chr14	93500000	93750000	P5_DCIS	1|1	0.321431	8|2	0.396043	2|2	0.282526
chr14	93500000	93750000	P5_INV	1|1	0.563992	8|2	0.223807	2|2	0.212202
chr14	93750000	94250000	P5_DCIS	1|1	0.321431	3|2	0.396043	3|2	0.282526
chr14	93750000	94250000	P5_INV	1|1	0.563992	3|2	0.223807	3|2	0.212202
chr14	94250000	94500000	P5_DCIS	1|1	0.321431	5|2	0.396043	2|2	0.282526
chr14	94250000	94500000	P5_INV	1|1	0.563992	5|2	0.223807	2|2	0.212202
chr14	94500000	94750000	P5_DCIS	1|1	0.321431	3|2	0.396043	3|2	0.282526
chr14	94500000	94750000	P5_INV	1|1	0.563992	3|2	0.223807	3|2	0.212202
chr14	94750000	95250000	P5_DCIS	1|1	0.321431	5|2	0.396043	2|2	0.282526
chr14	94750000	95250000	P5_INV	1|1	0.563992	5|2	0.223807	2|2	0.212202
chr14	95500000	96000000	P5_DCIS	1|1	0.321431	5|2	0.396043	2|2	0.282526
chr14	95500000	96000000	P5_INV	1|1	0.563992	5|2	0.223807	2|2	0.212202
chr14	96000000	96250000	P5_DCIS	1|1	0.321431	3|2	0.396043	3|2	0.282526
chr14	96000000	96250000	P5_INV	1|1	0.563992	3|2	0.223807	3|2	0.212202
chr14	96750000	97000000	P5_DCIS	1|1	0.321431	3|2	0.396043	3|2	0.282526
chr14	96750000	97000000	P5_INV	1|1	0.563992	3|2	0.223807	3|2	0.212202
chr14	97000000	97250000	P5_DCIS	1|1	0.321431	8|2	0.396043	2|2	0.282526
chr14	97000000	97250000	P5_INV	1|1	0.563992	8|2	0.223807	2|2	0.212202
chr14	99250000	99500000	P5_DCIS	1|1	0.321431	3|2	0.396043	3|2	0.282526
chr14	99250000	99500000	P5_INV	1|1	0.563992	3|2	0.223807	3|2	0.212202
chr14	99750000	100000000	P5_DCIS	1|1	0.321431	8|2	0.396043	2|2	0.282526
chr14	99750000	100000000	P5_INV	1|1	0.563992	8|2	0.223807	2|2	0.212202
chr14	100000000	100250000	P5_DCIS	1|1	0.321431	5|2	0.396043	2|2	0.282526
chr14	100000000	100250000	P5_INV	1|1	0.563992	5|2	0.223807	2|2	0.212202
chr14	100250000	100500000	P5_DCIS	1|1	0.321431	3|2	0.396043	3|2	0.282526
chr14	100250000	100500000	P5_INV	1|1	0.563992	3|2	0.223807	3|2	0.212202
chr14	100500000	101000000	P5_DCIS	1|1	0.321431	5|2	0.396043	2|2	0.282526
chr14	100500000	101000000	P5_INV	1|1	0.563992	5|2	0.223807	2|2	0.212202
chr14	101000000	101250000	P5_DCIS	1|1	0.321431	3|2	0.396043	3|2	0.282526
chr14	101000000	101250000	P5_INV	1|1	0.563992	3|2	0.223807	3|2	0.212202
chr14	101250000	101500000	P5_DCIS	1|1	0.321431	5|2	0.396043	2|2	0.282526
chr14	101250000	101500000	P5_INV	1|1	0.563992	5|2	0.223807	2|2	0.212202
chr14	101500000	101750000	P5_DCIS	1|1	0.321431	3|2	0.396043	3|2	0.282526
chr14	101500000	101750000	P5_INV	1|1	0.563992	3|2	0.223807	3|2	0.212202
chr14	102250000	102500000	P5_DCIS	1|1	0.321431	8|2	0.396043	2|2	0.282526
chr14	102250000	102500000	P5_INV	1|1	0.563992	8|2	0.223807	2|2	0.212202
chr14	102500000	102750000	P5_DCIS	1|1	0.321431	9|1	0.396043	2|1	0.282526
chr14	102500000	102750000	P5_INV	1|1	0.563992	9|1	0.223807	2|1	0.212202
chr14	102750000	103000000	P5_DCIS	1|1	0.321431	8|2	0.396043	2|2	0.282526
chr14	102750000	103000000	P5_INV	1|1	0.563992	8|2	0.223807	2|2	0.212202
chr14	103000000	103500000	P5_DCIS	1|1	0.321431	3|2	0.396043	3|2	0.282526
chr14	103000000	103500000	P5_INV	1|1	0.563992	3|2	0.223807	3|2	0.212202
chr14	103750000	104000000	P5_DCIS	1|1	0.321431	8|2	0.396043	2|2	0.282526
chr14	103750000	104000000	P5_INV	1|1	0.563992	8|2	0.223807	2|2	0.212202
chr14	104000000	104500000	P5_DCIS	1|1	0.321431	3|2	0.396043	3|2	0.282526
chr14	104000000	104500000	P5_INV	1|1	0.563992	3|2	0.223807	3|2	0.212202
chr14	104500000	104750000	P5_DCIS	1|1	0.321431	8|2	0.396043	2|2	0.282526
chr14	104500000	104750000	P5_INV	1|1	0.563992	8|2	0.223807	2|2	0.212202
chr14	105000000	105250000	P5_DCIS	1|1	0.321431	5|2	0.396043	2|2	0.282526
chr14	105000000	105250000	P5_INV	1|1	0.563992	5|2	0.223807	2|2	0.212202
chr14	105250000	105500000	P5_DCIS	1|1	0.321431	3|2	0.396043	3|2	0.282526
chr14	105250000	105500000	P5_INV	1|1	0.563992	3|2	0.223807	3|2	0.212202
chr14	105500000	105750000	P5_DCIS	1|1	0.321431	5|2	0.396043	2|2	0.282526
chr14	105500000	105750000	P5_INV	1|1	0.563992	5|2	0.223807	2|2	0.212202
chr14	106250000	106500000	P5_DCIS	1|1	0.321431	2|2	0.396043	6|2	0.282526
chr14	106250000	106500000	P5_INV	1|1	0.563992	2|2	0.223807	6|2	0.212202
chr14	106750000	107250000	P5_DCIS	1|1	0.321431	4|4	0.396043	4|3	0.282526
chr14	106750000	107250000	P5_INV	1|1	0.563992	4|4	0.223807	4|3	0.212202
chr15	20000000	20250000	P5_DCIS	1|1	0.321431	2|2	0.396043	2|2	0.282526
chr15	20000000	20250000	P5_INV	1|1	0.563992	2|2	0.223807	2|2	0.212202
chr15	20250000	20500000	P5_DCIS	1|1	0.321431	3|2	0.396043	3|2	0.282526
chr15	20250000	20500000	P5_INV	1|1	0.563992	3|2	0.223807	3|2	0.212202
chr15	20500000	20750000	P5_DCIS	1|1	0.321431	3|1	0.396043	3|1	0.282526
chr15	20500000	20750000	P5_INV	1|1	0.563992	3|1	0.223807	3|1	0.212202
chr15	20750000	21250000	P5_DCIS	1|1	0.321431	3|2	0.396043	3|2	0.282526
chr15	20750000	21250000	P5_INV	1|1	0.563992	3|2	0.223807	3|2	0.212202
chr15	21250000	21500000	P5_DCIS	1|1	0.321431	2|1	0.396043	2|1	0.282526
chr15	21250000	21500000	P5_INV	1|1	0.563992	2|1	0.223807	2|1	0.212202
chr15	21750000	22000000	P5_DCIS	1|1	0.321431	2|2	0.396043	3|0	0.282526
chr15	21750000	22000000	P5_INV	1|1	0.563992	2|2	0.223807	3|0	0.212202
chr15	22000000	22250000	P5_DCIS	1|1	0.321431	3|2	0.396043	3|2	0.282526
chr15	22000000	22250000	P5_INV	1|1	0.563992	3|2	0.223807	3|2	0.212202
chr15	22250000	22500000	P5_DCIS	1|1	0.321431	2|2	0.396043	2|2	0.282526
chr15	22250000	22500000	P5_INV	1|1	0.563992	2|2	0.223807	2|2	0.212202
chr15	22500000	24000000	P5_DCIS	1|1	0.321431	3|2	0.396043	3|2	0.282526
chr15	22500000	24000000	P5_INV	1|1	0.563992	3|2	0.223807	3|2	0.212202
chr15	24750000	25000000	P5_DCIS	1|1	0.321431	2|1	0.396043	2|1	0.282526
chr15	24750000	25000000	P5_INV	1|1	0.563992	2|1	0.223807	2|1	0.212202
chr15	25000000	25500000	P5_DCIS	1|1	0.321431	3|2	0.396043	3|2	0.282526
chr15	25000000	25500000	P5_INV	1|1	0.563992	3|2	0.223807	3|2	0.212202
chr15	25750000	26000000	P5_DCIS	1|1	0.321431	3|2	0.396043	3|2	0.282526
chr15	25750000	26000000	P5_INV	1|1	0.563992	3|2	0.223807	3|2	0.212202
chr15	26750000	27000000	P5_DCIS	1|1	0.321431	3|2	0.396043	3|2	0.282526
chr15	26750000	27000000	P5_INV	1|1	0.563992	3|2	0.223807	3|2	0.212202
chr15	27000000	27250000	P5_DCIS	1|1	0.321431	2|2	0.396043	2|2	0.282526
chr15	27000000	27250000	P5_INV	1|1	0.563992	2|2	0.223807	2|2	0.212202
chr15	28000000	28500000	P5_DCIS	1|1	0.321431	2|2	0.396043	2|2	0.282526
chr15	28000000	28500000	P5_INV	1|1	0.563992	2|2	0.223807	2|2	0.212202
chr15	28500000	29500000	P5_DCIS	1|1	0.321431	3|2	0.396043	3|2	0.282526
chr15	28500000	29500000	P5_INV	1|1	0.563992	3|2	0.223807	3|2	0.212202
chr15	29500000	29750000	P5_DCIS	1|1	0.321431	2|2	0.396043	2|2	0.282526
chr15	29500000	29750000	P5_INV	1|1	0.563992	2|2	0.223807	2|2	0.212202
chr15	30250000	30500000	P5_DCIS	1|1	0.321431	3|2	0.396043	3|2	0.282526
chr15	30250000	30500000	P5_INV	1|1	0.563992	3|2	0.223807	3|2	0.212202
chr15	30500000	30750000	P5_DCIS	1|1	0.321431	2|2	0.396043	6|2	0.282526
chr15	30500000	30750000	P5_INV	1|1	0.563992	2|2	0.223807	6|2	0.212202
chr15	30750000	31250000	P5_DCIS	1|1	0.321431	7|4	0.396043	3|2	0.282526
chr15	30750000	31250000	P5_INV	1|1	0.563992	7|4	0.223807	3|2	0.212202
chr15	31250000	31500000	P5_DCIS	1|1	0.321431	4|4	0.396043	2|2	0.282526
chr15	31250000	31500000	P5_INV	1|1	0.563992	4|4	0.223807	2|2	0.212202
chr15	31500000	31750000	P5_DCIS	1|1	0.321431	4|4	0.396043	4|3	0.282526
chr15	31500000	31750000	P5_INV	1|1	0.563992	4|4	0.223807	4|3	0.212202
chr15	31750000	32000000	P5_DCIS	1|1	0.321431	4|4	0.396043	2|2	0.282526
chr15	31750000	32000000	P5_INV	1|1	0.563992	4|4	0.223807	2|2	0.212202
chr15	32250000	32500000	P5_DCIS	1|1	0.321431	5|1	0.396043	3|1	0.282526
chr15	32250000	32500000	P5_INV	1|1	0.563992	5|1	0.223807	3|1	0.212202
chr15	32500000	32750000	P5_DCIS	1|1	0.321431	2|2	0.396043	6|2	0.282526
chr15	32500000	32750000	P5_INV	1|1	0.563992	2|2	0.223807	6|2	0.212202
chr15	32750000	33500000	P5_DCIS	1|1	0.321431	9|3	0.396043	10|2	0.282526
chr15	32750000	33500000	P5_INV	1|1	0.563992	9|3	0.223807	10|2	0.212202
chr15	33500000	33750000	P5_DCIS	1|1	0.321431	4|4	0.396043	10|2	0.282526
chr15	33500000	33750000	P5_INV	1|1	0.563992	4|4	0.223807	10|2	0.212202
chr15	33750000	35750000	P5_DCIS	1|1	0.321431	9|3	0.396043	10|2	0.282526
chr15	33750000	35750000	P5_INV	1|1	0.563992	9|3	0.223807	10|2	0.212202
chr15	36750000	37000000	P5_DCIS	1|1	0.321431	3|1	0.396043	3|1	0.282526
chr15	36750000	37000000	P5_INV	1|1	0.563992	3|1	0.223807	3|1	0.212202
chr15	37000000	37250000	P5_DCIS	1|1	0.321431	3|2	0.396043	3|2	0.282526
chr15	37000000	37250000	P5_INV	1|1	0.563992	3|2	0.223807	3|2	0.212202
chr15	37250000	37750000	P5_DCIS	1|1	0.321431	3|1	0.396043	3|1	0.282526
chr15	37250000	37750000	P5_INV	1|1	0.563992	3|1	0.223807	3|1	0.212202
chr15	38000000	38250000	P5_DCIS	1|1	0.321431	3|1	0.396043	3|1	0.282526
chr15	38000000	38250000	P5_INV	1|1	0.563992	3|1	0.223807	3|1	0.212202
chr15	38500000	38750000	P5_DCIS	1|1	0.321431	2|1	0.396043	2|1	0.282526
chr15	38500000	38750000	P5_INV	1|1	0.563992	2|1	0.223807	2|1	0.212202
chr15	38750000	39000000	P5_DCIS	1|1	0.321431	3|1	0.396043	3|1	0.282526
chr15	38750000	39000000	P5_INV	1|1	0.563992	3|1	0.223807	3|1	0.212202
chr15	40000000	40750000	P5_DCIS	1|1	0.321431	3|1	0.396043	3|1	0.282526
chr15	40000000	40750000	P5_INV	1|1	0.563992	3|1	0.223807	3|1	0.212202
chr15	40750000	41250000	P5_DCIS	1|1	0.321431	3|2	0.396043	3|2	0.282526
chr15	40750000	41250000	P5_INV	1|1	0.563992	3|2	0.223807	3|2	0.212202
chr15	41750000	43750000	P5_DCIS	1|1	0.321431	3|1	0.396043	3|1	0.282526
chr15	41750000	43750000	P5_INV	1|1	0.563992	3|1	0.223807	3|1	0.212202
chr15	44000000	44250000	P5_DCIS	1|1	0.321431	3|2	0.396043	3|2	0.282526
chr15	44000000	44250000	P5_INV	1|1	0.563992	3|2	0.223807	3|2	0.212202
chr15	44750000	45000000	P5_DCIS	1|1	0.321431	2|2	0.396043	3|0	0.282526
chr15	44750000	45000000	P5_INV	1|1	0.563992	2|2	0.223807	3|0	0.212202
chr15	45000000	45750000	P5_DCIS	1|1	0.321431	3|1	0.396043	3|1	0.282526
chr15	45000000	45750000	P5_INV	1|1	0.563992	3|1	0.223807	3|1	0.212202
chr15	45750000	46000000	P5_DCIS	1|1	0.321431	3|2	0.396043	3|2	0.282526
chr15	45750000	46000000	P5_INV	1|1	0.563992	3|2	0.223807	3|2	0.212202
chr15	47250000	47500000	P5_DCIS	1|1	0.321431	2|1	0.396043	5|0	0.282526
chr15	47250000	47500000	P5_INV	1|1	0.563992	2|1	0.223807	5|0	0.212202
chr15	48000000	48750000	P5_DCIS	1|1	0.321431	3|1	0.396043	3|1	0.282526
chr15	48000000	48750000	P5_INV	1|1	0.563992	3|1	0.223807	3|1	0.212202
chr15	49000000	49500000	P5_DCIS	1|1	0.321431	3|1	0.396043	3|1	0.282526
chr15	49000000	49500000	P5_INV	1|1	0.563992	3|1	0.223807	3|1	0.212202
chr15	49750000	52250000	P5_DCIS	1|1	0.321431	3|1	0.396043	3|1	0.282526
chr15	49750000	52250000	P5_INV	1|1	0.563992	3|1	0.223807	3|1	0.212202
chr15	52500000	52750000	P5_DCIS	1|1	0.321431	3|1	0.396043	3|1	0.282526
chr15	52500000	52750000	P5_INV	1|1	0.563992	3|1	0.223807	3|1	0.212202
chr15	53000000	53250000	P5_DCIS	1|1	0.321431	3|1	0.396043	3|1	0.282526
chr15	53000000	53250000	P5_INV	1|1	0.563992	3|1	0.223807	3|1	0.212202
chr15	53750000	55000000	P5_DCIS	1|1	0.321431	3|1	0.396043	3|1	0.282526
chr15	53750000	55000000	P5_INV	1|1	0.563992	3|1	0.223807	3|1	0.212202
chr15	55750000	57250000	P5_DCIS	1|1	0.321431	3|1	0.396043	3|1	0.282526
chr15	55750000	57250000	P5_INV	1|1	0.563992	3|1	0.223807	3|1	0.212202
chr15	57250000	57500000	P5_DCIS	1|1	0.321431	3|2	0.396043	3|2	0.282526
chr15	57250000	57500000	P5_INV	1|1	0.563992	3|2	0.223807	3|2	0.212202
chr15	57500000	58000000	P5_DCIS	1|1	0.321431	3|1	0.396043	3|1	0.282526
chr15	57500000	58000000	P5_INV	1|1	0.563992	3|1	0.223807	3|1	0.212202
chr15	58250000	58500000	P5_DCIS	1|1	0.321431	3|1	0.396043	3|1	0.282526
chr15	58250000	58500000	P5_INV	1|1	0.563992	3|1	0.223807	3|1	0.212202
chr15	58750000	60000000	P5_DCIS	1|1	0.321431	3|1	0.396043	3|1	0.282526
chr15	58750000	60000000	P5_INV	1|1	0.563992	3|1	0.223807	3|1	0.212202
chr15	60250000	61000000	P5_DCIS	1|1	0.321431	3|1	0.396043	3|1	0.282526
chr15	60250000	61000000	P5_INV	1|1	0.563992	3|1	0.223807	3|1	0.212202
chr15	62000000	62750000	P5_DCIS	1|1	0.321431	3|1	0.396043	3|1	0.282526
chr15	62000000	62750000	P5_INV	1|1	0.563992	3|1	0.223807	3|1	0.212202
chr15	63000000	63750000	P5_DCIS	1|1	0.321431	3|1	0.396043	3|1	0.282526
chr15	63000000	63750000	P5_INV	1|1	0.563992	3|1	0.223807	3|1	0.212202
chr15	63750000	64000000	P5_DCIS	1|1	0.321431	2|1	0.396043	5|0	0.282526
chr15	63750000	64000000	P5_INV	1|1	0.563992	2|1	0.223807	5|0	0.212202
chr15	64250000	64750000	P5_DCIS	1|1	0.321431	3|1	0.396043	3|1	0.282526
chr15	64250000	64750000	P5_INV	1|1	0.563992	3|1	0.223807	3|1	0.212202
chr15	65000000	66250000	P5_DCIS	1|1	0.321431	3|1	0.396043	3|1	0.282526
chr15	65000000	66250000	P5_INV	1|1	0.563992	3|1	0.223807	3|1	0.212202
chr15	66500000	67000000	P5_DCIS	1|1	0.321431	3|1	0.396043	3|1	0.282526
chr15	66500000	67000000	P5_INV	1|1	0.563992	3|1	0.223807	3|1	0.212202
chr15	67250000	67500000	P5_DCIS	1|1	0.321431	2|1	0.396043	2|1	0.282526
chr15	67250000	67500000	P5_INV	1|1	0.563992	2|1	0.223807	2|1	0.212202
chr15	67500000	67750000	P5_DCIS	1|1	0.321431	3|1	0.396043	3|1	0.282526
chr15	67500000	67750000	P5_INV	1|1	0.563992	3|1	0.223807	3|1	0.212202
chr15	68500000	68750000	P5_DCIS	1|1	0.321431	3|1	0.396043	3|1	0.282526
chr15	68500000	68750000	P5_INV	1|1	0.563992	3|1	0.223807	3|1	0.212202
chr15	68750000	69000000	P5_DCIS	1|1	0.321431	2|1	0.396043	2|1	0.282526
chr15	68750000	69000000	P5_INV	1|1	0.563992	2|1	0.223807	2|1	0.212202
chr15	69000000	69250000	P5_DCIS	1|1	0.321431	3|1	0.396043	3|1	0.282526
chr15	69000000	69250000	P5_INV	1|1	0.563992	3|1	0.223807	3|1	0.212202
chr15	69250000	69500000	P5_DCIS	1|1	0.321431	5|1	0.396043	3|1	0.282526
chr15	69250000	69500000	P5_INV	1|1	0.563992	5|1	0.223807	3|1	0.212202
chr15	69500000	69750000	P5_DCIS	1|1	0.321431	3|1	0.396043	3|1	0.282526
chr15	69500000	69750000	P5_INV	1|1	0.563992	3|1	0.223807	3|1	0.212202
chr15	70250000	70500000	P5_DCIS	1|1	0.321431	3|1	0.396043	3|1	0.282526
chr15	70250000	70500000	P5_INV	1|1	0.563992	3|1	0.223807	3|1	0.212202
chr15	71500000	71750000	P5_DCIS	1|1	0.321431	3|1	0.396043	3|1	0.282526
chr15	71500000	71750000	P5_INV	1|1	0.563992	3|1	0.223807	3|1	0.212202
chr15	72000000	72250000	P5_DCIS	1|1	0.321431	2|1	0.396043	2|1	0.282526
chr15	72000000	72250000	P5_INV	1|1	0.563992	2|1	0.223807	2|1	0.212202
chr15	72250000	72500000	P5_DCIS	1|1	0.321431	3|1	0.396043	3|1	0.282526
chr15	72250000	72500000	P5_INV	1|1	0.563992	3|1	0.223807	3|1	0.212202
chr15	72750000	73000000	P5_DCIS	1|1	0.321431	3|1	0.396043	3|1	0.282526
chr15	72750000	73000000	P5_INV	1|1	0.563992	3|1	0.223807	3|1	0.212202
chr15	73500000	74250000	P5_DCIS	1|1	0.321431	3|1	0.396043	3|1	0.282526
chr15	73500000	74250000	P5_INV	1|1	0.563992	3|1	0.223807	3|1	0.212202
chr15	74250000	74500000	P5_DCIS	1|1	0.321431	3|2	0.396043	3|2	0.282526
chr15	74250000	74500000	P5_INV	1|1	0.563992	3|2	0.223807	3|2	0.212202
chr15	74500000	75000000	P5_DCIS	1|1	0.321431	3|1	0.396043	3|1	0.282526
chr15	74500000	75000000	P5_INV	1|1	0.563992	3|1	0.223807	3|1	0.212202
chr15	75000000	75500000	P5_DCIS	1|1	0.321431	5|1	0.396043	3|1	0.282526
chr15	75000000	75500000	P5_INV	1|1	0.563992	5|1	0.223807	3|1	0.212202
chr15	75500000	76250000	P5_DCIS	1|1	0.321431	3|1	0.396043	3|1	0.282526
chr15	75500000	76250000	P5_INV	1|1	0.563992	3|1	0.223807	3|1	0.212202
chr15	76250000	76500000	P5_DCIS	1|1	0.321431	2|1	0.396043	2|1	0.282526
chr15	76250000	76500000	P5_INV	1|1	0.563992	2|1	0.223807	2|1	0.212202
chr15	76500000	77500000	P5_DCIS	1|1	0.321431	3|1	0.396043	3|1	0.282526
chr15	76500000	77500000	P5_INV	1|1	0.563992	3|1	0.223807	3|1	0.212202
chr15	77750000	78000000	P5_DCIS	1|1	0.321431	2|2	0.396043	3|0	0.282526
chr15	77750000	78000000	P5_INV	1|1	0.563992	2|2	0.223807	3|0	0.212202
chr15	78000000	80000000	P5_DCIS	1|1	0.321431	3|1	0.396043	3|1	0.282526
chr15	78000000	80000000	P5_INV	1|1	0.563992	3|1	0.223807	3|1	0.212202
chr15	80000000	80250000	P5_DCIS	1|1	0.321431	2|1	0.396043	5|0	0.282526
chr15	80000000	80250000	P5_INV	1|1	0.563992	2|1	0.223807	5|0	0.212202
chr15	80250000	80500000	P5_DCIS	1|1	0.321431	3|1	0.396043	3|1	0.282526
chr15	80250000	80500000	P5_INV	1|1	0.563992	3|1	0.223807	3|1	0.212202
chr15	80750000	81250000	P5_DCIS	1|1	0.321431	3|1	0.396043	3|1	0.282526
chr15	80750000	81250000	P5_INV	1|1	0.563992	3|1	0.223807	3|1	0.212202
chr15	81500000	81750000	P5_DCIS	1|1	0.321431	2|1	0.396043	2|1	0.282526
chr15	81500000	81750000	P5_INV	1|1	0.563992	2|1	0.223807	2|1	0.212202
chr15	82250000	82750000	P5_DCIS	1|1	0.321431	3|1	0.396043	3|1	0.282526
chr15	82250000	82750000	P5_INV	1|1	0.563992	3|1	0.223807	3|1	0.212202
chr15	82750000	83000000	P5_DCIS	1|1	0.321431	5|2	0.396043	4|2	0.282526
chr15	82750000	83000000	P5_INV	1|1	0.563992	5|2	0.223807	4|2	0.212202
chr15	83000000	84000000	P5_DCIS	1|1	0.321431	3|1	0.396043	3|1	0.282526
chr15	83000000	84000000	P5_INV	1|1	0.563992	3|1	0.223807	3|1	0.212202
chr15	84000000	84250000	P5_DCIS	1|1	0.321431	2|2	0.396043	3|0	0.282526
chr15	84000000	84250000	P5_INV	1|1	0.563992	2|2	0.223807	3|0	0.212202
chr15	84500000	85750000	P5_DCIS	1|1	0.321431	3|1	0.396043	3|1	0.282526
chr15	84500000	85750000	P5_INV	1|1	0.563992	3|1	0.223807	3|1	0.212202
chr15	85750000	86000000	P5_DCIS	1|1	0.321431	5|1	0.396043	3|1	0.282526
chr15	85750000	86000000	P5_INV	1|1	0.563992	5|1	0.223807	3|1	0.212202
chr15	86000000	86250000	P5_DCIS	1|1	0.321431	2|1	0.396043	5|0	0.282526
chr15	86000000	86250000	P5_INV	1|1	0.563992	2|1	0.223807	5|0	0.212202
chr15	86250000	87000000	P5_DCIS	1|1	0.321431	3|1	0.396043	3|1	0.282526
chr15	86250000	87000000	P5_INV	1|1	0.563992	3|1	0.223807	3|1	0.212202
chr15	87000000	87250000	P5_DCIS	1|1	0.321431	2|2	0.396043	3|0	0.282526
chr15	87000000	87250000	P5_INV	1|1	0.563992	2|2	0.223807	3|0	0.212202
chr15	87500000	87750000	P5_DCIS	1|1	0.321431	3|2	0.396043	3|2	0.282526
chr15	87500000	87750000	P5_INV	1|1	0.563992	3|2	0.223807	3|2	0.212202
chr15	88500000	88750000	P5_DCIS	1|1	0.321431	2|1	0.396043	2|1	0.282526
chr15	88500000	88750000	P5_INV	1|1	0.563992	2|1	0.223807	2|1	0.212202
chr15	89000000	89500000	P5_DCIS	1|1	0.321431	3|1	0.396043	3|1	0.282526
chr15	89000000	89500000	P5_INV	1|1	0.563992	3|1	0.223807	3|1	0.212202
chr15	89500000	89750000	P5_DCIS	1|1	0.321431	2|2	0.396043	3|0	0.282526
chr15	89500000	89750000	P5_INV	1|1	0.563992	2|2	0.223807	3|0	0.212202
chr15	89750000	91750000	P5_DCIS	1|1	0.321431	3|1	0.396043	3|1	0.282526
chr15	89750000	91750000	P5_INV	1|1	0.563992	3|1	0.223807	3|1	0.212202
chr15	91750000	92000000	P5_DCIS	1|1	0.321431	2|1	0.396043	2|1	0.282526
chr15	91750000	92000000	P5_INV	1|1	0.563992	2|1	0.223807	2|1	0.212202
chr15	92250000	92500000	P5_DCIS	1|1	0.321431	2|2	0.396043	3|0	0.282526
chr15	92250000	92500000	P5_INV	1|1	0.563992	2|2	0.223807	3|0	0.212202
chr15	92500000	92750000	P5_DCIS	1|1	0.321431	3|1	0.396043	3|1	0.282526
chr15	92500000	92750000	P5_INV	1|1	0.563992	3|1	0.223807	3|1	0.212202
chr15	92750000	93000000	P5_DCIS	1|1	0.321431	2|1	0.396043	2|1	0.282526
chr15	92750000	93000000	P5_INV	1|1	0.563992	2|1	0.223807	2|1	0.212202
chr15	93000000	93750000	P5_DCIS	1|1	0.321431	3|1	0.396043	3|1	0.282526
chr15	93000000	93750000	P5_INV	1|1	0.563992	3|1	0.223807	3|1	0.212202
chr15	93750000	94000000	P5_DCIS	1|1	0.321431	2|2	0.396043	3|0	0.282526
chr15	93750000	94000000	P5_INV	1|1	0.563992	2|2	0.223807	3|0	0.212202
chr15	94250000	94500000	P5_DCIS	1|1	0.321431	2|1	0.396043	5|0	0.282526
chr15	94250000	94500000	P5_INV	1|1	0.563992	2|1	0.223807	5|0	0.212202
chr15	94750000	95000000	P5_DCIS	1|1	0.321431	3|1	0.396043	3|1	0.282526
chr15	94750000	95000000	P5_INV	1|1	0.563992	3|1	0.223807	3|1	0.212202
chr15	95000000	95250000	P5_DCIS	1|1	0.321431	2|1	0.396043	2|1	0.282526
chr15	95000000	95250000	P5_INV	1|1	0.563992	2|1	0.223807	2|1	0.212202
chr15	95250000	95500000	P5_DCIS	1|1	0.321431	3|1	0.396043	3|1	0.282526
chr15	95250000	95500000	P5_INV	1|1	0.563992	3|1	0.223807	3|1	0.212202
chr15	96750000	97000000	P5_DCIS	1|1	0.321431	3|1	0.396043	3|1	0.282526
chr15	96750000	97000000	P5_INV	1|1	0.563992	3|1	0.223807	3|1	0.212202
chr15	97250000	97500000	P5_DCIS	1|1	0.321431	2|1	0.396043	2|1	0.282526
chr15	97250000	97500000	P5_INV	1|1	0.563992	2|1	0.223807	2|1	0.212202
chr15	98500000	98750000	P5_DCIS	1|1	0.321431	3|2	0.396043	3|2	0.282526
chr15	98500000	98750000	P5_INV	1|1	0.563992	3|2	0.223807	3|2	0.212202
chr15	98750000	99000000	P5_DCIS	1|1	0.321431	4|4	0.396043	2|2	0.282526
chr15	98750000	99000000	P5_INV	1|1	0.563992	4|4	0.223807	2|2	0.212202
chr15	99000000	99250000	P5_DCIS	1|1	0.321431	5|2	0.396043	4|2	0.282526
chr15	99000000	99250000	P5_INV	1|1	0.563992	5|2	0.223807	4|2	0.212202
chr15	99250000	99500000	P5_DCIS	1|1	0.321431	7|4	0.396043	3|2	0.282526
chr15	99250000	99500000	P5_INV	1|1	0.563992	7|4	0.223807	3|2	0.212202
chr15	99500000	100250000	P5_DCIS	1|1	0.321431	4|4	0.396043	2|2	0.282526
chr15	99500000	100250000	P5_INV	1|1	0.563992	4|4	0.223807	2|2	0.212202
chr15	100250000	100500000	P5_DCIS	1|1	0.321431	3|2	0.396043	3|2	0.282526
chr15	100250000	100500000	P5_INV	1|1	0.563992	3|2	0.223807	3|2	0.212202
chr15	100500000	100750000	P5_DCIS	1|1	0.321431	4|4	0.396043	2|2	0.282526
chr15	100500000	100750000	P5_INV	1|1	0.563992	4|4	0.223807	2|2	0.212202
chr15	100750000	101000000	P5_DCIS	1|1	0.321431	3|2	0.396043	3|2	0.282526
chr15	100750000	101000000	P5_INV	1|1	0.563992	3|2	0.223807	3|2	0.212202
chr15	101000000	102250000	P5_DCIS	1|1	0.321431	4|4	0.396043	2|2	0.282526
chr15	101000000	102250000	P5_INV	1|1	0.563992	4|4	0.223807	2|2	0.212202
chr15	102250000	102500000	P5_DCIS	1|1	0.321431	2|2	0.396043	2|2	0.282526
chr15	102250000	102500000	P5_INV	1|1	0.563992	2|2	0.223807	2|2	0.212202
chr15	102500000	102531392	P5_DCIS	1|1	0.321431	2|1	0.396043	2|1	0.282526
chr15	102500000	102531392	P5_INV	1|1	0.563992	2|1	0.223807	2|1	0.212202
chr16	1	250000	P5_DCIS	1|1	0.321431	5|2	0.396043	2|2	0.282526
chr16	1	250000	P5_INV	1|1	0.563992	5|2	0.223807	2|2	0.212202
chr16	250000	1250000	P5_DCIS	1|1	0.321431	3|2	0.396043	3|2	0.282526
chr16	250000	1250000	P5_INV	1|1	0.563992	3|2	0.223807	3|2	0.212202
chr16	1250000	1500000	P5_DCIS	1|1	0.321431	5|2	0.396043	2|2	0.282526
chr16	1250000	1500000	P5_INV	1|1	0.563992	5|2	0.223807	2|2	0.212202
chr16	1500000	2500000	P5_DCIS	1|1	0.321431	3|2	0.396043	3|2	0.282526
chr16	1500000	2500000	P5_INV	1|1	0.563992	3|2	0.223807	3|2	0.212202
chr16	2500000	2750000	P5_DCIS	1|1	0.321431	4|4	0.396043	2|2	0.282526
chr16	2500000	2750000	P5_INV	1|1	0.563992	4|4	0.223807	2|2	0.212202
chr16	2750000	3000000	P5_DCIS	1|1	0.321431	3|2	0.396043	3|2	0.282526
chr16	2750000	3000000	P5_INV	1|1	0.563992	3|2	0.223807	3|2	0.212202
chr16	3000000	3250000	P5_DCIS	1|1	0.321431	4|4	0.396043	2|2	0.282526
chr16	3000000	3250000	P5_INV	1|1	0.563992	4|4	0.223807	2|2	0.212202
chr16	3250000	3500000	P5_DCIS	1|1	0.321431	7|4	0.396043	3|2	0.282526
chr16	3250000	3500000	P5_INV	1|1	0.563992	7|4	0.223807	3|2	0.212202
chr16	3500000	3750000	P5_DCIS	1|1	0.321431	4|4	0.396043	2|2	0.282526
chr16	3500000	3750000	P5_INV	1|1	0.563992	4|4	0.223807	2|2	0.212202
chr16	3750000	4000000	P5_DCIS	1|1	0.321431	4|4	0.396043	4|3	0.282526
chr16	3750000	4000000	P5_INV	1|1	0.563992	4|4	0.223807	4|3	0.212202
chr16	4000000	4250000	P5_DCIS	1|1	0.321431	4|4	0.396043	2|2	0.282526
chr16	4000000	4250000	P5_INV	1|1	0.563992	4|4	0.223807	2|2	0.212202
chr16	4250000	4750000	P5_DCIS	1|1	0.321431	7|4	0.396043	3|2	0.282526
chr16	4250000	4750000	P5_INV	1|1	0.563992	7|4	0.223807	3|2	0.212202
chr16	4750000	5250000	P5_DCIS	1|1	0.321431	4|4	0.396043	2|2	0.282526
chr16	4750000	5250000	P5_INV	1|1	0.563992	4|4	0.223807	2|2	0.212202
chr16	5250000	5500000	P5_DCIS	1|1	0.321431	3|2	0.396043	3|2	0.282526
chr16	5250000	5500000	P5_INV	1|1	0.563992	3|2	0.223807	3|2	0.212202
chr16	6250000	6500000	P5_DCIS	1|1	0.321431	2|2	0.396043	5|2	0.282526
chr16	6250000	6500000	P5_INV	1|1	0.563992	2|2	0.223807	5|2	0.212202
chr16	7000000	7250000	P5_DCIS	1|1	0.321431	4|4	0.396043	2|2	0.282526
chr16	7000000	7250000	P5_INV	1|1	0.563992	4|4	0.223807	2|2	0.212202
chr16	7500000	7750000	P5_DCIS	1|1	0.321431	4|4	0.396043	2|2	0.282526
chr16	7500000	7750000	P5_INV	1|1	0.563992	4|4	0.223807	2|2	0.212202
chr16	7750000	8000000	P5_DCIS	1|1	0.321431	2|2	0.396043	3|0	0.282526
chr16	7750000	8000000	P5_INV	1|1	0.563992	2|2	0.223807	3|0	0.212202
chr16	8500000	8750000	P5_DCIS	1|1	0.321431	7|4	0.396043	3|2	0.282526
chr16	8500000	8750000	P5_INV	1|1	0.563992	7|4	0.223807	3|2	0.212202
chr16	8750000	9250000	P5_DCIS	1|1	0.321431	4|4	0.396043	2|2	0.282526
chr16	8750000	9250000	P5_INV	1|1	0.563992	4|4	0.223807	2|2	0.212202
chr16	9750000	10250000	P5_DCIS	1|1	0.321431	3|2	0.396043	3|2	0.282526
chr16	9750000	10250000	P5_INV	1|1	0.563992	3|2	0.223807	3|2	0.212202
chr16	10500000	11500000	P5_DCIS	1|1	0.321431	4|4	0.396043	2|2	0.282526
chr16	10500000	11500000	P5_INV	1|1	0.563992	4|4	0.223807	2|2	0.212202
chr16	11500000	11750000	P5_DCIS	1|1	0.321431	7|4	0.396043	3|2	0.282526
chr16	11500000	11750000	P5_INV	1|1	0.563992	7|4	0.223807	3|2	0.212202
chr16	11750000	12500000	P5_DCIS	1|1	0.321431	4|4	0.396043	2|2	0.282526
chr16	11750000	12500000	P5_INV	1|1	0.563992	4|4	0.223807	2|2	0.212202
chr16	12500000	13000000	P5_DCIS	1|1	0.321431	3|2	0.396043	3|2	0.282526
chr16	12500000	13000000	P5_INV	1|1	0.563992	3|2	0.223807	3|2	0.212202
chr16	13250000	13500000	P5_DCIS	1|1	0.321431	3|2	0.396043	3|2	0.282526
chr16	13250000	13500000	P5_INV	1|1	0.563992	3|2	0.223807	3|2	0.212202
chr16	13500000	13750000	P5_DCIS	1|1	0.321431	3|1	0.396043	3|1	0.282526
chr16	13500000	13750000	P5_INV	1|1	0.563992	3|1	0.223807	3|1	0.212202
chr16	14750000	15250000	P5_DCIS	1|1	0.321431	4|4	0.396043	2|2	0.282526
chr16	14750000	15250000	P5_INV	1|1	0.563992	4|4	0.223807	2|2	0.212202
chr16	15500000	16250000	P5_DCIS	1|1	0.321431	4|4	0.396043	2|2	0.282526
chr16	15500000	16250000	P5_INV	1|1	0.563992	4|4	0.223807	2|2	0.212202
chr16	16250000	16500000	P5_DCIS	1|1	0.321431	4|4	0.396043	4|3	0.282526
chr16	16250000	16500000	P5_INV	1|1	0.563992	4|4	0.223807	4|3	0.212202
chr16	16750000	17000000	P5_DCIS	1|1	0.321431	2|2	0.396043	5|2	0.282526
chr16	16750000	17000000	P5_INV	1|1	0.563992	2|2	0.223807	5|2	0.212202
chr16	17250000	17500000	P5_DCIS	1|1	0.321431	3|2	0.396043	3|2	0.282526
chr16	17250000	17500000	P5_INV	1|1	0.563992	3|2	0.223807	3|2	0.212202
chr16	18000000	18250000	P5_DCIS	1|1	0.321431	4|4	0.396043	2|2	0.282526
chr16	18000000	18250000	P5_INV	1|1	0.563992	4|4	0.223807	2|2	0.212202
chr16	18250000	18500000	P5_DCIS	1|1	0.321431	2|2	0.396043	6|1	0.282526
chr16	18250000	18500000	P5_INV	1|1	0.563992	2|2	0.223807	6|1	0.212202
chr16	18500000	18750000	P5_DCIS	1|1	0.321431	4|4	0.396043	4|3	0.282526
chr16	18500000	18750000	P5_INV	1|1	0.563992	4|4	0.223807	4|3	0.212202
chr16	18750000	19000000	P5_DCIS	1|1	0.321431	4|4	0.396043	2|2	0.282526
chr16	18750000	19000000	P5_INV	1|1	0.563992	4|4	0.223807	2|2	0.212202
chr16	19000000	19250000	P5_DCIS	1|1	0.321431	4|4	0.396043	4|3	0.282526
chr16	19000000	19250000	P5_INV	1|1	0.563992	4|4	0.223807	4|3	0.212202
chr16	19500000	19750000	P5_DCIS	1|1	0.321431	4|4	0.396043	2|2	0.282526
chr16	19500000	19750000	P5_INV	1|1	0.563992	4|4	0.223807	2|2	0.212202
chr16	19750000	20250000	P5_DCIS	1|1	0.321431	3|2	0.396043	3|2	0.282526
chr16	19750000	20250000	P5_INV	1|1	0.563992	3|2	0.223807	3|2	0.212202
chr16	20250000	22250000	P5_DCIS	1|1	0.321431	4|4	0.396043	2|2	0.282526
chr16	20250000	22250000	P5_INV	1|1	0.563992	4|4	0.223807	2|2	0.212202
chr16	22750000	23000000	P5_DCIS	1|1	0.321431	3|2	0.396043	3|2	0.282526
chr16	22750000	23000000	P5_INV	1|1	0.563992	3|2	0.223807	3|2	0.212202
chr16	23000000	23250000	P5_DCIS	1|1	0.321431	4|4	0.396043	2|2	0.282526
chr16	23000000	23250000	P5_INV	1|1	0.563992	4|4	0.223807	2|2	0.212202
chr16	23250000	23500000	P5_DCIS	1|1	0.321431	3|2	0.396043	3|2	0.282526
chr16	23250000	23500000	P5_INV	1|1	0.563992	3|2	0.223807	3|2	0.212202
chr16	23500000	24250000	P5_DCIS	1|1	0.321431	4|4	0.396043	2|2	0.282526
chr16	23500000	24250000	P5_INV	1|1	0.563992	4|4	0.223807	2|2	0.212202
chr16	24500000	25500000	P5_DCIS	1|1	0.321431	4|4	0.396043	2|2	0.282526
chr16	24500000	25500000	P5_INV	1|1	0.563992	4|4	0.223807	2|2	0.212202
chr16	27000000	27500000	P5_DCIS	1|1	0.321431	4|4	0.396043	2|2	0.282526
chr16	27000000	27500000	P5_INV	1|1	0.563992	4|4	0.223807	2|2	0.212202
chr16	27750000	28000000	P5_DCIS	1|1	0.321431	3|2	0.396043	3|2	0.282526
chr16	27750000	28000000	P5_INV	1|1	0.563992	3|2	0.223807	3|2	0.212202
chr16	28000000	28250000	P5_DCIS	1|1	0.321431	4|4	0.396043	2|2	0.282526
chr16	28000000	28250000	P5_INV	1|1	0.563992	4|4	0.223807	2|2	0.212202
chr16	28250000	28500000	P5_DCIS	1|1	0.321431	8|2	0.396043	2|2	0.282526
chr16	28250000	28500000	P5_INV	1|1	0.563992	8|2	0.223807	2|2	0.212202
chr16	28500000	28750000	P5_DCIS	1|1	0.321431	7|4	0.396043	3|2	0.282526
chr16	28500000	28750000	P5_INV	1|1	0.563992	7|4	0.223807	3|2	0.212202
chr16	28750000	29000000	P5_DCIS	1|1	0.321431	4|4	0.396043	4|3	0.282526
chr16	28750000	29000000	P5_INV	1|1	0.563992	4|4	0.223807	4|3	0.212202
chr16	29000000	29250000	P5_DCIS	1|1	0.321431	4|4	0.396043	2|2	0.282526
chr16	29000000	29250000	P5_INV	1|1	0.563992	4|4	0.223807	2|2	0.212202
chr16	29250000	29500000	P5_DCIS	1|1	0.321431	3|2	0.396043	3|2	0.282526
chr16	29250000	29500000	P5_INV	1|1	0.563992	3|2	0.223807	3|2	0.212202
chr16	29500000	29750000	P5_DCIS	1|1	0.321431	4|4	0.396043	2|2	0.282526
chr16	29500000	29750000	P5_INV	1|1	0.563992	4|4	0.223807	2|2	0.212202
chr16	29750000	30250000	P5_DCIS	1|1	0.321431	7|4	0.396043	3|2	0.282526
chr16	29750000	30250000	P5_INV	1|1	0.563992	7|4	0.223807	3|2	0.212202
chr16	30250000	31500000	P5_DCIS	1|1	0.321431	4|4	0.396043	2|2	0.282526
chr16	30250000	31500000	P5_INV	1|1	0.563992	4|4	0.223807	2|2	0.212202
chr16	31500000	31750000	P5_DCIS	1|1	0.321431	3|2	0.396043	3|2	0.282526
chr16	31500000	31750000	P5_INV	1|1	0.563992	3|2	0.223807	3|2	0.212202
chr16	31750000	32000000	P5_DCIS	1|1	0.321431	4|4	0.396043	2|2	0.282526
chr16	31750000	32000000	P5_INV	1|1	0.563992	4|4	0.223807	2|2	0.212202
chr16	32000000	32500000	P5_DCIS	1|1	0.321431	3|2	0.396043	3|2	0.282526
chr16	32000000	32500000	P5_INV	1|1	0.563992	3|2	0.223807	3|2	0.212202
chr16	32750000	33000000	P5_DCIS	1|1	0.321431	5|1	0.396043	3|1	0.282526
chr16	32750000	33000000	P5_INV	1|1	0.563992	5|1	0.223807	3|1	0.212202
chr16	33250000	33500000	P5_DCIS	1|1	0.321431	4|4	0.396043	2|2	0.282526
chr16	33250000	33500000	P5_INV	1|1	0.563992	4|4	0.223807	2|2	0.212202
chr16	33500000	34000000	P5_DCIS	1|1	0.321431	3|2	0.396043	3|2	0.282526
chr16	33500000	34000000	P5_INV	1|1	0.563992	3|2	0.223807	3|2	0.212202
chr16	46250000	46500000	P5_DCIS	1|1	0.321431	2|2	0.396043	6|2	0.282526
chr16	46250000	46500000	P5_INV	1|1	0.563992	2|2	0.223807	6|2	0.212202
chr16	47250000	47750000	P5_DCIS	1|1	0.321431	2|2	0.396043	3|0	0.282526
chr16	47250000	47750000	P5_INV	1|1	0.563992	2|2	0.223807	3|0	0.212202
chr16	47750000	48000000	P5_DCIS	1|1	0.321431	2|2	0.396043	6|1	0.282526
chr16	47750000	48000000	P5_INV	1|1	0.563992	2|2	0.223807	6|1	0.212202
chr16	48000000	48250000	P5_DCIS	1|1	0.321431	2|2	0.396043	3|0	0.282526
chr16	48000000	48250000	P5_INV	1|1	0.563992	2|2	0.223807	3|0	0.212202
chr16	48500000	48750000	P5_DCIS	1|1	0.321431	3|1	0.396043	3|1	0.282526
chr16	48500000	48750000	P5_INV	1|1	0.563992	3|1	0.223807	3|1	0.212202
chr16	49500000	49750000	P5_DCIS	1|1	0.321431	3|1	0.396043	3|1	0.282526
chr16	49500000	49750000	P5_INV	1|1	0.563992	3|1	0.223807	3|1	0.212202
chr16	50000000	50750000	P5_DCIS	1|1	0.321431	3|1	0.396043	3|1	0.282526
chr16	50000000	50750000	P5_INV	1|1	0.563992	3|1	0.223807	3|1	0.212202
chr16	50750000	51000000	P5_DCIS	1|1	0.321431	2|1	0.396043	2|1	0.282526
chr16	50750000	51000000	P5_INV	1|1	0.563992	2|1	0.223807	2|1	0.212202
chr16	51000000	51250000	P5_DCIS	1|1	0.321431	3|1	0.396043	3|1	0.282526
chr16	51000000	51250000	P5_INV	1|1	0.563992	3|1	0.223807	3|1	0.212202
chr16	52250000	52750000	P5_DCIS	1|1	0.321431	3|1	0.396043	3|1	0.282526
chr16	52250000	52750000	P5_INV	1|1	0.563992	3|1	0.223807	3|1	0.212202
chr16	53000000	53750000	P5_DCIS	1|1	0.321431	3|1	0.396043	3|1	0.282526
chr16	53000000	53750000	P5_INV	1|1	0.563992	3|1	0.223807	3|1	0.212202
chr16	53750000	54000000	P5_DCIS	1|1	0.321431	3|2	0.396043	3|2	0.282526
chr16	53750000	54000000	P5_INV	1|1	0.563992	3|2	0.223807	3|2	0.212202
chr16	55000000	55500000	P5_DCIS	1|1	0.321431	2|1	0.396043	5|0	0.282526
chr16	55000000	55500000	P5_INV	1|1	0.563992	2|1	0.223807	5|0	0.212202
chr16	55500000	55750000	P5_DCIS	1|1	0.321431	3|1	0.396043	3|1	0.282526
chr16	55500000	55750000	P5_INV	1|1	0.563992	3|1	0.223807	3|1	0.212202
chr16	55750000	56000000	P5_DCIS	1|1	0.321431	2|1	0.396043	5|0	0.282526
chr16	55750000	56000000	P5_INV	1|1	0.563992	2|1	0.223807	5|0	0.212202
chr16	56250000	58000000	P5_DCIS	1|1	0.321431	3|1	0.396043	3|1	0.282526
chr16	56250000	58000000	P5_INV	1|1	0.563992	3|1	0.223807	3|1	0.212202
chr16	58250000	59000000	P5_DCIS	1|1	0.321431	3|1	0.396043	3|1	0.282526
chr16	58250000	59000000	P5_INV	1|1	0.563992	3|1	0.223807	3|1	0.212202
chr16	59000000	59250000	P5_DCIS	1|1	0.321431	2|2	0.396043	3|0	0.282526
chr16	59000000	59250000	P5_INV	1|1	0.563992	2|2	0.223807	3|0	0.212202
chr16	65000000	65250000	P5_DCIS	1|1	0.321431	3|1	0.396043	3|1	0.282526
chr16	65000000	65250000	P5_INV	1|1	0.563992	3|1	0.223807	3|1	0.212202
chr16	65250000	65500000	P5_DCIS	1|1	0.321431	2|1	0.396043	5|0	0.282526
chr16	65250000	65500000	P5_INV	1|1	0.563992	2|1	0.223807	5|0	0.212202
chr16	65500000	65750000	P5_DCIS	1|1	0.321431	3|1	0.396043	3|1	0.282526
chr16	65500000	65750000	P5_INV	1|1	0.563992	3|1	0.223807	3|1	0.212202
chr16	66250000	66500000	P5_DCIS	1|1	0.321431	2|1	0.396043	5|0	0.282526
chr16	66250000	66500000	P5_INV	1|1	0.563992	2|1	0.223807	5|0	0.212202
chr16	66750000	67000000	P5_DCIS	1|1	0.321431	2|2	0.396043	6|1	0.282526
chr16	66750000	67000000	P5_INV	1|1	0.563992	2|2	0.223807	6|1	0.212202
chr16	67000000	67500000	P5_DCIS	1|1	0.321431	3|1	0.396043	3|1	0.282526
chr16	67000000	67500000	P5_INV	1|1	0.563992	3|1	0.223807	3|1	0.212202
chr16	67500000	67750000	P5_DCIS	1|1	0.321431	5|1	0.396043	3|1	0.282526
chr16	67500000	67750000	P5_INV	1|1	0.563992	5|1	0.223807	3|1	0.212202
chr16	67750000	68250000	P5_DCIS	1|1	0.321431	3|1	0.396043	3|1	0.282526
chr16	67750000	68250000	P5_INV	1|1	0.563992	3|1	0.223807	3|1	0.212202
chr16	68250000	68500000	P5_DCIS	1|1	0.321431	5|1	0.396043	3|1	0.282526
chr16	68250000	68500000	P5_INV	1|1	0.563992	5|1	0.223807	3|1	0.212202
chr16	68500000	69000000	P5_DCIS	1|1	0.321431	3|1	0.396043	3|1	0.282526
chr16	68500000	69000000	P5_INV	1|1	0.563992	3|1	0.223807	3|1	0.212202
chr16	69250000	71000000	P5_DCIS	1|1	0.321431	3|1	0.396043	3|1	0.282526
chr16	69250000	71000000	P5_INV	1|1	0.563992	3|1	0.223807	3|1	0.212202
chr16	71250000	71500000	P5_DCIS	1|1	0.321431	2|1	0.396043	5|0	0.282526
chr16	71250000	71500000	P5_INV	1|1	0.563992	2|1	0.223807	5|0	0.212202
chr16	71500000	72250000	P5_DCIS	1|1	0.321431	3|1	0.396043	3|1	0.282526
chr16	71500000	72250000	P5_INV	1|1	0.563992	3|1	0.223807	3|1	0.212202
chr16	72750000	73250000	P5_DCIS	1|1	0.321431	3|1	0.396043	3|1	0.282526
chr16	72750000	73250000	P5_INV	1|1	0.563992	3|1	0.223807	3|1	0.212202
chr16	74250000	74500000	P5_DCIS	1|1	0.321431	2|2	0.396043	2|2	0.282526
chr16	74250000	74500000	P5_INV	1|1	0.563992	2|2	0.223807	2|2	0.212202
chr16	74500000	75750000	P5_DCIS	1|1	0.321431	3|1	0.396043	3|1	0.282526
chr16	74500000	75750000	P5_INV	1|1	0.563992	3|1	0.223807	3|1	0.212202
chr16	76500000	76750000	P5_DCIS	1|1	0.321431	2|1	0.396043	2|1	0.282526
chr16	76500000	76750000	P5_INV	1|1	0.563992	2|1	0.223807	2|1	0.212202
chr16	76750000	77500000	P5_DCIS	1|1	0.321431	3|1	0.396043	3|1	0.282526
chr16	76750000	77500000	P5_INV	1|1	0.563992	3|1	0.223807	3|1	0.212202
chr16	77750000	78500000	P5_DCIS	1|1	0.321431	3|1	0.396043	3|1	0.282526
chr16	77750000	78500000	P5_INV	1|1	0.563992	3|1	0.223807	3|1	0.212202
chr16	80500000	80750000	P5_DCIS	1|1	0.321431	3|1	0.396043	3|1	0.282526
chr16	80500000	80750000	P5_INV	1|1	0.563992	3|1	0.223807	3|1	0.212202
chr16	81000000	82000000	P5_DCIS	1|1	0.321431	3|1	0.396043	3|1	0.282526
chr16	81000000	82000000	P5_INV	1|1	0.563992	3|1	0.223807	3|1	0.212202
chr16	83000000	83250000	P5_DCIS	1|1	0.321431	3|1	0.396043	3|1	0.282526
chr16	83000000	83250000	P5_INV	1|1	0.563992	3|1	0.223807	3|1	0.212202
chr16	83250000	83500000	P5_DCIS	1|1	0.321431	2|1	0.396043	2|1	0.282526
chr16	83250000	83500000	P5_INV	1|1	0.563992	2|1	0.223807	2|1	0.212202
chr16	83750000	85250000	P5_DCIS	1|1	0.321431	3|1	0.396043	3|1	0.282526
chr16	83750000	85250000	P5_INV	1|1	0.563992	3|1	0.223807	3|1	0.212202
chr16	85250000	85500000	P5_DCIS	1|1	0.321431	2|1	0.396043	5|0	0.282526
chr16	85250000	85500000	P5_INV	1|1	0.563992	2|1	0.223807	5|0	0.212202
chr16	85500000	85750000	P5_DCIS	1|1	0.321431	5|1	0.396043	3|1	0.282526
chr16	85500000	85750000	P5_INV	1|1	0.563992	5|1	0.223807	3|1	0.212202
chr16	85750000	86000000	P5_DCIS	1|1	0.321431	2|1	0.396043	5|0	0.282526
chr16	85750000	86000000	P5_INV	1|1	0.563992	2|1	0.223807	5|0	0.212202
chr16	86500000	86750000	P5_DCIS	1|1	0.321431	5|1	0.396043	3|1	0.282526
chr16	86500000	86750000	P5_INV	1|1	0.563992	5|1	0.223807	3|1	0.212202
chr16	86750000	87000000	P5_DCIS	1|1	0.321431	2|2	0.396043	2|2	0.282526
chr16	86750000	87000000	P5_INV	1|1	0.563992	2|2	0.223807	2|2	0.212202
chr16	87250000	88250000	P5_DCIS	1|1	0.321431	5|1	0.396043	3|1	0.282526
chr16	87250000	88250000	P5_INV	1|1	0.563992	5|1	0.223807	3|1	0.212202
chr16	88500000	89250000	P5_DCIS	1|1	0.321431	5|1	0.396043	3|1	0.282526
chr16	88500000	89250000	P5_INV	1|1	0.563992	5|1	0.223807	3|1	0.212202
chr16	89250000	89500000	P5_DCIS	1|1	0.321431	3|1	0.396043	3|1	0.282526
chr16	89250000	89500000	P5_INV	1|1	0.563992	3|1	0.223807	3|1	0.212202
chr16	89500000	90000000	P5_DCIS	1|1	0.321431	5|1	0.396043	3|1	0.282526
chr16	89500000	90000000	P5_INV	1|1	0.563992	5|1	0.223807	3|1	0.212202
chr16	90000000	90250000	P5_DCIS	1|1	0.321431	2|1	0.396043	5|0	0.282526
chr16	90000000	90250000	P5_INV	1|1	0.563992	2|1	0.223807	5|0	0.212202
chr17	250000	500000	P5_DCIS	1|1	0.321431	2|2	0.396043	6|1	0.282526
chr17	250000	500000	P5_INV	1|1	0.563992	2|2	0.223807	6|1	0.212202
chr17	500000	1000000	P5_DCIS	1|1	0.321431	3|1	0.396043	3|1	0.282526
chr17	500000	1000000	P5_INV	1|1	0.563992	3|1	0.223807	3|1	0.212202
chr17	1000000	1250000	P5_DCIS	1|1	0.321431	3|2	0.396043	3|2	0.282526
chr17	1000000	1250000	P5_INV	1|1	0.563992	3|2	0.223807	3|2	0.212202
chr17	1250000	3000000	P5_DCIS	1|1	0.321431	3|1	0.396043	3|1	0.282526
chr17	1250000	3000000	P5_INV	1|1	0.563992	3|1	0.223807	3|1	0.212202
chr17	3000000	3250000	P5_DCIS	1|1	0.321431	2|1	0.396043	2|1	0.282526
chr17	3000000	3250000	P5_INV	1|1	0.563992	2|1	0.223807	2|1	0.212202
chr17	3250000	5000000	P5_DCIS	1|1	0.321431	3|1	0.396043	3|1	0.282526
chr17	3250000	5000000	P5_INV	1|1	0.563992	3|1	0.223807	3|1	0.212202
chr17	5250000	5500000	P5_DCIS	1|1	0.321431	3|1	0.396043	3|1	0.282526
chr17	5250000	5500000	P5_INV	1|1	0.563992	3|1	0.223807	3|1	0.212202
chr17	5750000	6000000	P5_DCIS	1|1	0.321431	3|1	0.396043	3|1	0.282526
chr17	5750000	6000000	P5_INV	1|1	0.563992	3|1	0.223807	3|1	0.212202
chr17	6250000	6750000	P5_DCIS	1|1	0.321431	3|1	0.396043	3|1	0.282526
chr17	6250000	6750000	P5_INV	1|1	0.563992	3|1	0.223807	3|1	0.212202
chr17	6750000	7500000	P5_DCIS	1|1	0.321431	5|1	0.396043	3|1	0.282526
chr17	6750000	7500000	P5_INV	1|1	0.563992	5|1	0.223807	3|1	0.212202
chr17	7500000	7750000	P5_DCIS	1|1	0.321431	3|1	0.396043	3|1	0.282526
chr17	7500000	7750000	P5_INV	1|1	0.563992	3|1	0.223807	3|1	0.212202
chr17	7750000	8250000	P5_DCIS	1|1	0.321431	5|1	0.396043	3|1	0.282526
chr17	7750000	8250000	P5_INV	1|1	0.563992	5|1	0.223807	3|1	0.212202
chr17	8250000	9250000	P5_DCIS	1|1	0.321431	3|1	0.396043	3|1	0.282526
chr17	8250000	9250000	P5_INV	1|1	0.563992	3|1	0.223807	3|1	0.212202
chr17	9250000	9500000	P5_DCIS	1|1	0.321431	2|1	0.396043	5|0	0.282526
chr17	9250000	9500000	P5_INV	1|1	0.563992	2|1	0.223807	5|0	0.212202
chr17	9500000	10750000	P5_DCIS	1|1	0.321431	3|1	0.396043	3|1	0.282526
chr17	9500000	10750000	P5_INV	1|1	0.563992	3|1	0.223807	3|1	0.212202
chr17	10750000	11000000	P5_DCIS	1|1	0.321431	2|1	0.396043	5|0	0.282526
chr17	10750000	11000000	P5_INV	1|1	0.563992	2|1	0.223807	5|0	0.212202
chr17	11500000	11750000	P5_DCIS	1|1	0.321431	3|1	0.396043	3|1	0.282526
chr17	11500000	11750000	P5_INV	1|1	0.563992	3|1	0.223807	3|1	0.212202
chr17	11750000	12000000	P5_DCIS	1|1	0.321431	2|1	0.396043	2|1	0.282526
chr17	11750000	12000000	P5_INV	1|1	0.563992	2|1	0.223807	2|1	0.212202
chr17	12500000	12750000	P5_DCIS	1|1	0.321431	2|1	0.396043	2|1	0.282526
chr17	12500000	12750000	P5_INV	1|1	0.563992	2|1	0.223807	2|1	0.212202
chr17	12750000	13000000	P5_DCIS	1|1	0.321431	3|1	0.396043	3|1	0.282526
chr17	12750000	13000000	P5_INV	1|1	0.563992	3|1	0.223807	3|1	0.212202
chr17	13750000	14000000	P5_DCIS	1|1	0.321431	3|1	0.396043	3|1	0.282526
chr17	13750000	14000000	P5_INV	1|1	0.563992	3|1	0.223807	3|1	0.212202
chr17	14000000	14250000	P5_DCIS	1|1	0.321431	5|1	0.396043	3|1	0.282526
chr17	14000000	14250000	P5_INV	1|1	0.563992	5|1	0.223807	3|1	0.212202
chr17	15000000	15500000	P5_DCIS	1|1	0.321431	3|1	0.396043	3|1	0.282526
chr17	15000000	15500000	P5_INV	1|1	0.563992	3|1	0.223807	3|1	0.212202
chr17	15500000	15750000	P5_DCIS	1|1	0.321431	2|1	0.396043	2|1	0.282526
chr17	15500000	15750000	P5_INV	1|1	0.563992	2|1	0.223807	2|1	0.212202
chr17	15750000	16000000	P5_DCIS	1|1	0.321431	2|2	0.396043	6|1	0.282526
chr17	15750000	16000000	P5_INV	1|1	0.563992	2|2	0.223807	6|1	0.212202
chr17	16000000	16250000	P5_DCIS	1|1	0.321431	3|1	0.396043	3|1	0.282526
chr17	16000000	16250000	P5_INV	1|1	0.563992	3|1	0.223807	3|1	0.212202
chr17	16250000	16500000	P5_DCIS	1|1	0.321431	3|2	0.396043	3|2	0.282526
chr17	16250000	16500000	P5_INV	1|1	0.563992	3|2	0.223807	3|2	0.212202
chr17	16500000	17000000	P5_DCIS	1|1	0.321431	2|2	0.396043	2|2	0.282526
chr17	16500000	17000000	P5_INV	1|1	0.563992	2|2	0.223807	2|2	0.212202
chr17	17000000	17250000	P5_DCIS	1|1	0.321431	3|2	0.396043	3|2	0.282526
chr17	17000000	17250000	P5_INV	1|1	0.563992	3|2	0.223807	3|2	0.212202
chr17	17250000	17500000	P5_DCIS	1|1	0.321431	5|2	0.396043	2|2	0.282526
chr17	17250000	17500000	P5_INV	1|1	0.563992	5|2	0.223807	2|2	0.212202
chr17	17500000	17750000	P5_DCIS	1|1	0.321431	2|2	0.396043	6|1	0.282526
chr17	17500000	17750000	P5_INV	1|1	0.563992	2|2	0.223807	6|1	0.212202
chr17	17750000	18750000	P5_DCIS	1|1	0.321431	3|2	0.396043	3|2	0.282526
chr17	17750000	18750000	P5_INV	1|1	0.563992	3|2	0.223807	3|2	0.212202
chr17	18750000	19000000	P5_DCIS	1|1	0.321431	5|2	0.396043	4|2	0.282526
chr17	18750000	19000000	P5_INV	1|1	0.563992	5|2	0.223807	4|2	0.212202
chr17	19000000	19250000	P5_DCIS	1|1	0.321431	5|2	0.396043	2|2	0.282526
chr17	19000000	19250000	P5_INV	1|1	0.563992	5|2	0.223807	2|2	0.212202
chr17	19250000	20000000	P5_DCIS	1|1	0.321431	3|2	0.396043	3|2	0.282526
chr17	19250000	20000000	P5_INV	1|1	0.563992	3|2	0.223807	3|2	0.212202
chr17	20000000	20250000	P5_DCIS	1|1	0.321431	2|2	0.396043	2|2	0.282526
chr17	20000000	20250000	P5_INV	1|1	0.563992	2|2	0.223807	2|2	0.212202
chr17	20250000	21250000	P5_DCIS	1|1	0.321431	3|2	0.396043	3|2	0.282526
chr17	20250000	21250000	P5_INV	1|1	0.563992	3|2	0.223807	3|2	0.212202
chr17	21500000	22000000	P5_DCIS	1|1	0.321431	3|2	0.396043	3|2	0.282526
chr17	21500000	22000000	P5_INV	1|1	0.563992	3|2	0.223807	3|2	0.212202
chr17	22000000	22250000	P5_DCIS	1|1	0.321431	3|1	0.396043	3|1	0.282526
chr17	22000000	22250000	P5_INV	1|1	0.563992	3|1	0.223807	3|1	0.212202
chr17	25250000	25500000	P5_DCIS	1|1	0.321431	8|2	0.396043	2|2	0.282526
chr17	25250000	25500000	P5_INV	1|1	0.563992	8|2	0.223807	2|2	0.212202
chr17	25750000	26250000	P5_DCIS	1|1	0.321431	7|4	0.396043	3|2	0.282526
chr17	25750000	26250000	P5_INV	1|1	0.563992	7|4	0.223807	3|2	0.212202
chr17	26750000	27000000	P5_DCIS	1|1	0.321431	7|4	0.396043	3|2	0.282526
chr17	26750000	27000000	P5_INV	1|1	0.563992	7|4	0.223807	3|2	0.212202
chr17	27250000	28000000	P5_DCIS	1|1	0.321431	7|4	0.396043	3|2	0.282526
chr17	27250000	28000000	P5_INV	1|1	0.563992	7|4	0.223807	3|2	0.212202
chr17	28000000	28250000	P5_DCIS	1|1	0.321431	3|1	0.396043	3|1	0.282526
chr17	28000000	28250000	P5_INV	1|1	0.563992	3|1	0.223807	3|1	0.212202
chr17	28750000	29000000	P5_DCIS	1|1	0.321431	2|1	0.396043	5|0	0.282526
chr17	28750000	29000000	P5_INV	1|1	0.563992	2|1	0.223807	5|0	0.212202
chr17	29500000	29750000	P5_DCIS	1|1	0.321431	3|1	0.396043	3|1	0.282526
chr17	29500000	29750000	P5_INV	1|1	0.563992	3|1	0.223807	3|1	0.212202
chr17	30000000	30250000	P5_DCIS	1|1	0.321431	3|1	0.396043	3|1	0.282526
chr17	30000000	30250000	P5_INV	1|1	0.563992	3|1	0.223807	3|1	0.212202
chr17	30500000	30750000	P5_DCIS	1|1	0.321431	2|2	0.396043	3|0	0.282526
chr17	30500000	30750000	P5_INV	1|1	0.563992	2|2	0.223807	3|0	0.212202
chr17	31250000	31500000	P5_DCIS	1|1	0.321431	2|1	0.396043	2|1	0.282526
chr17	31250000	31500000	P5_INV	1|1	0.563992	2|1	0.223807	2|1	0.212202
chr17	32250000	33000000	P5_DCIS	1|1	0.321431	2|1	0.396043	2|1	0.282526
chr17	32250000	33000000	P5_INV	1|1	0.563992	2|1	0.223807	2|1	0.212202
chr17	33500000	34000000	P5_DCIS	1|1	0.321431	2|1	0.396043	2|1	0.282526
chr17	33500000	34000000	P5_INV	1|1	0.563992	2|1	0.223807	2|1	0.212202
chr17	34250000	34500000	P5_DCIS	1|1	0.321431	2|1	0.396043	2|1	0.282526
chr17	34250000	34500000	P5_INV	1|1	0.563992	2|1	0.223807	2|1	0.212202
chr17	34500000	34750000	P5_DCIS	1|1	0.321431	5|2	0.396043	4|2	0.282526
chr17	34500000	34750000	P5_INV	1|1	0.563992	5|2	0.223807	4|2	0.212202
chr17	35250000	35750000	P5_DCIS	1|1	0.321431	2|1	0.396043	2|1	0.282526
chr17	35250000	35750000	P5_INV	1|1	0.563992	2|1	0.223807	2|1	0.212202
chr17	35750000	36000000	P5_DCIS	1|1	0.321431	2|2	0.396043	3|0	0.282526
chr17	35750000	36000000	P5_INV	1|1	0.563992	2|2	0.223807	3|0	0.212202
chr17	36000000	36250000	P5_DCIS	1|1	0.321431	2|1	0.396043	2|1	0.282526
chr17	36000000	36250000	P5_INV	1|1	0.563992	2|1	0.223807	2|1	0.212202
chr17	36750000	37000000	P5_DCIS	1|1	0.321431	2|1	0.396043	2|1	0.282526
chr17	36750000	37000000	P5_INV	1|1	0.563992	2|1	0.223807	2|1	0.212202
chr17	37000000	37250000	P5_DCIS	1|1	0.321431	3|2	0.396043	3|2	0.282526
chr17	37000000	37250000	P5_INV	1|1	0.563992	3|2	0.223807	3|2	0.212202
chr17	37250000	37500000	P5_DCIS	1|1	0.321431	2|1	0.396043	2|1	0.282526
chr17	37250000	37500000	P5_INV	1|1	0.563992	2|1	0.223807	2|1	0.212202
chr17	37500000	37750000	P5_DCIS	1|1	0.321431	2|2	0.396043	3|0	0.282526
chr17	37500000	37750000	P5_INV	1|1	0.563992	2|2	0.223807	3|0	0.212202
chr17	37750000	38500000	P5_DCIS	1|1	0.321431	2|1	0.396043	2|1	0.282526
chr17	37750000	38500000	P5_INV	1|1	0.563992	2|1	0.223807	2|1	0.212202
chr17	38750000	39000000	P5_DCIS	1|1	0.321431	2|1	0.396043	2|1	0.282526
chr17	38750000	39000000	P5_INV	1|1	0.563992	2|1	0.223807	2|1	0.212202
chr17	39250000	39500000	P5_DCIS	1|1	0.321431	3|1	0.396043	3|1	0.282526
chr17	39250000	39500000	P5_INV	1|1	0.563992	3|1	0.223807	3|1	0.212202
chr17	39500000	39750000	P5_DCIS	1|1	0.321431	2|1	0.396043	2|1	0.282526
chr17	39500000	39750000	P5_INV	1|1	0.563992	2|1	0.223807	2|1	0.212202
chr17	39750000	40000000	P5_DCIS	1|1	0.321431	3|1	0.396043	3|1	0.282526
chr17	39750000	40000000	P5_INV	1|1	0.563992	3|1	0.223807	3|1	0.212202
chr17	40250000	40500000	P5_DCIS	1|1	0.321431	3|2	0.396043	3|2	0.282526
chr17	40250000	40500000	P5_INV	1|1	0.563992	3|2	0.223807	3|2	0.212202
chr17	40500000	41000000	P5_DCIS	1|1	0.321431	2|1	0.396043	2|1	0.282526
chr17	40500000	41000000	P5_INV	1|1	0.563992	2|1	0.223807	2|1	0.212202
chr17	41000000	41750000	P5_DCIS	1|1	0.321431	3|1	0.396043	3|1	0.282526
chr17	41000000	41750000	P5_INV	1|1	0.563992	3|1	0.223807	3|1	0.212202
chr17	41750000	42000000	P5_DCIS	1|1	0.321431	3|2	0.396043	3|2	0.282526
chr17	41750000	42000000	P5_INV	1|1	0.563992	3|2	0.223807	3|2	0.212202
chr17	42000000	42250000	P5_DCIS	1|1	0.321431	2|1	0.396043	5|0	0.282526
chr17	42000000	42250000	P5_INV	1|1	0.563992	2|1	0.223807	5|0	0.212202
chr17	42250000	43000000	P5_DCIS	1|1	0.321431	3|1	0.396043	3|1	0.282526
chr17	42250000	43000000	P5_INV	1|1	0.563992	3|1	0.223807	3|1	0.212202
chr17	43000000	43250000	P5_DCIS	1|1	0.321431	5|1	0.396043	3|1	0.282526
chr17	43000000	43250000	P5_INV	1|1	0.563992	5|1	0.223807	3|1	0.212202
chr17	43250000	43500000	P5_DCIS	1|1	0.321431	3|1	0.396043	3|1	0.282526
chr17	43250000	43500000	P5_INV	1|1	0.563992	3|1	0.223807	3|1	0.212202
chr17	45000000	46500000	P5_DCIS	1|1	0.321431	3|1	0.396043	3|1	0.282526
chr17	45000000	46500000	P5_INV	1|1	0.563992	3|1	0.223807	3|1	0.212202
chr17	46500000	46750000	P5_DCIS	1|1	0.321431	2|1	0.396043	5|0	0.282526
chr17	46500000	46750000	P5_INV	1|1	0.563992	2|1	0.223807	5|0	0.212202
chr17	46750000	47250000	P5_DCIS	1|1	0.321431	3|1	0.396043	3|1	0.282526
chr17	46750000	47250000	P5_INV	1|1	0.563992	3|1	0.223807	3|1	0.212202
chr17	47250000	47500000	P5_DCIS	1|1	0.321431	4|4	0.396043	4|3	0.282526
chr17	47250000	47500000	P5_INV	1|1	0.563992	4|4	0.223807	4|3	0.212202
chr17	47500000	47750000	P5_DCIS	1|1	0.321431	7|4	0.396043	3|2	0.282526
chr17	47500000	47750000	P5_INV	1|1	0.563992	7|4	0.223807	3|2	0.212202
chr17	48000000	48750000	P5_DCIS	1|1	0.321431	7|4	0.396043	3|2	0.282526
chr17	48000000	48750000	P5_INV	1|1	0.563992	7|4	0.223807	3|2	0.212202
chr17	48750000	49000000	P5_DCIS	1|1	0.321431	9|2	0.396043	2|4	0.282526
chr17	48750000	49000000	P5_INV	1|1	0.563992	9|2	0.223807	2|4	0.212202
chr17	49000000	49750000	P5_DCIS	1|1	0.321431	7|4	0.396043	3|2	0.282526
chr17	49000000	49750000	P5_INV	1|1	0.563992	7|4	0.223807	3|2	0.212202
chr17	51500000	51750000	P5_DCIS	1|1	0.321431	2|2	0.396043	5|2	0.282526
chr17	51500000	51750000	P5_INV	1|1	0.563992	2|2	0.223807	5|2	0.212202
chr17	51750000	52000000	P5_DCIS	1|1	0.321431	3|1	0.396043	3|1	0.282526
chr17	51750000	52000000	P5_INV	1|1	0.563992	3|1	0.223807	3|1	0.212202
chr17	52000000	52250000	P5_DCIS	1|1	0.321431	2|1	0.396043	2|1	0.282526
chr17	52000000	52250000	P5_INV	1|1	0.563992	2|1	0.223807	2|1	0.212202
chr17	52500000	52750000	P5_DCIS	1|1	0.321431	3|1	0.396043	3|1	0.282526
chr17	52500000	52750000	P5_INV	1|1	0.563992	3|1	0.223807	3|1	0.212202
chr17	53250000	54000000	P5_DCIS	1|1	0.321431	7|4	0.396043	3|2	0.282526
chr17	53250000	54000000	P5_INV	1|1	0.563992	7|4	0.223807	3|2	0.212202
chr17	54000000	54250000	P5_DCIS	1|1	0.321431	8|2	0.396043	2|2	0.282526
chr17	54000000	54250000	P5_INV	1|1	0.563992	8|2	0.223807	2|2	0.212202
chr17	54250000	54500000	P5_DCIS	1|1	0.321431	3|1	0.396043	3|1	0.282526
chr17	54250000	54500000	P5_INV	1|1	0.563992	3|1	0.223807	3|1	0.212202
chr17	54750000	55000000	P5_DCIS	1|1	0.321431	7|4	0.396043	3|2	0.282526
chr17	54750000	55000000	P5_INV	1|1	0.563992	7|4	0.223807	3|2	0.212202
chr17	55000000	55250000	P5_DCIS	1|1	0.321431	3|1	0.396043	3|1	0.282526
chr17	55000000	55250000	P5_INV	1|1	0.563992	3|1	0.223807	3|1	0.212202
chr17	55500000	56000000	P5_DCIS	1|1	0.321431	3|1	0.396043	3|1	0.282526
chr17	55500000	56000000	P5_INV	1|1	0.563992	3|1	0.223807	3|1	0.212202
chr17	56000000	56250000	P5_DCIS	1|1	0.321431	3|2	0.396043	3|2	0.282526
chr17	56000000	56250000	P5_INV	1|1	0.563992	3|2	0.223807	3|2	0.212202
chr17	56250000	56500000	P5_DCIS	1|1	0.321431	9|3	0.396043	10|2	0.282526
chr17	56250000	56500000	P5_INV	1|1	0.563992	9|3	0.223807	10|2	0.212202
chr17	56500000	56750000	P5_DCIS	1|1	0.321431	7|4	0.396043	3|2	0.282526
chr17	56500000	56750000	P5_INV	1|1	0.563992	7|4	0.223807	3|2	0.212202
chr17	56750000	57000000	P5_DCIS	1|1	0.321431	9|2	0.396043	2|4	0.282526
chr17	56750000	57000000	P5_INV	1|1	0.563992	9|2	0.223807	2|4	0.212202
chr17	57000000	59750000	P5_DCIS	1|1	0.321431	7|4	0.396043	3|2	0.282526
chr17	57000000	59750000	P5_INV	1|1	0.563992	7|4	0.223807	3|2	0.212202
chr17	60000000	61000000	P5_DCIS	1|1	0.321431	7|4	0.396043	3|2	0.282526
chr17	60000000	61000000	P5_INV	1|1	0.563992	7|4	0.223807	3|2	0.212202
chr17	61000000	61250000	P5_DCIS	1|1	0.321431	4|4	0.396043	2|2	0.282526
chr17	61000000	61250000	P5_INV	1|1	0.563992	4|4	0.223807	2|2	0.212202
chr17	61250000	62250000	P5_DCIS	1|1	0.321431	7|4	0.396043	3|2	0.282526
chr17	61250000	62250000	P5_INV	1|1	0.563992	7|4	0.223807	3|2	0.212202
chr17	62750000	63000000	P5_DCIS	1|1	0.321431	9|2	0.396043	2|4	0.282526
chr17	62750000	63000000	P5_INV	1|1	0.563992	9|2	0.223807	2|4	0.212202
chr17	63000000	63250000	P5_DCIS	1|1	0.321431	7|4	0.396043	3|2	0.282526
chr17	63000000	63250000	P5_INV	1|1	0.563992	7|4	0.223807	3|2	0.212202
chr17	63500000	65750000	P5_DCIS	1|1	0.321431	7|4	0.396043	3|2	0.282526
chr17	63500000	65750000	P5_INV	1|1	0.563992	7|4	0.223807	3|2	0.212202
chr17	65750000	66000000	P5_DCIS	1|1	0.321431	5|0	0.396043	8|2	0.282526
chr17	65750000	66000000	P5_INV	1|1	0.563992	5|0	0.223807	8|2	0.212202
chr17	66250000	67750000	P5_DCIS	1|1	0.321431	7|4	0.396043	3|2	0.282526
chr17	66250000	67750000	P5_INV	1|1	0.563992	7|4	0.223807	3|2	0.212202
chr17	68000000	68250000	P5_DCIS	1|1	0.321431	8|2	0.396043	2|2	0.282526
chr17	68000000	68250000	P5_INV	1|1	0.563992	8|2	0.223807	2|2	0.212202
chr17	68750000	69000000	P5_DCIS	1|1	0.321431	7|4	0.396043	3|2	0.282526
chr17	68750000	69000000	P5_INV	1|1	0.563992	7|4	0.223807	3|2	0.212202
chr17	70500000	71500000	P5_DCIS	1|1	0.321431	7|4	0.396043	3|2	0.282526
chr17	70500000	71500000	P5_INV	1|1	0.563992	7|4	0.223807	3|2	0.212202
chr17	71500000	71750000	P5_DCIS	1|1	0.321431	5|0	0.396043	8|2	0.282526
chr17	71500000	71750000	P5_INV	1|1	0.563992	5|0	0.223807	8|2	0.212202
chr17	72000000	75750000	P5_DCIS	1|1	0.321431	7|4	0.396043	3|2	0.282526
chr17	72000000	75750000	P5_INV	1|1	0.563992	7|4	0.223807	3|2	0.212202
chr17	76000000	76750000	P5_DCIS	1|1	0.321431	7|4	0.396043	3|2	0.282526
chr17	76000000	76750000	P5_INV	1|1	0.563992	7|4	0.223807	3|2	0.212202
chr17	76750000	77250000	P5_DCIS	1|1	0.321431	3|1	0.396043	3|1	0.282526
chr17	76750000	77250000	P5_INV	1|1	0.563992	3|1	0.223807	3|1	0.212202
chr17	77750000	78000000	P5_DCIS	1|1	0.321431	5|2	0.396043	4|2	0.282526
chr17	77750000	78000000	P5_INV	1|1	0.563992	5|2	0.223807	4|2	0.212202
chr17	78000000	79500000	P5_DCIS	1|1	0.321431	3|1	0.396043	3|1	0.282526
chr17	78000000	79500000	P5_INV	1|1	0.563992	3|1	0.223807	3|1	0.212202
chr17	79500000	79750000	P5_DCIS	1|1	0.321431	5|1	0.396043	3|1	0.282526
chr17	79500000	79750000	P5_INV	1|1	0.563992	5|1	0.223807	3|1	0.212202
chr17	79750000	80000000	P5_DCIS	1|1	0.321431	5|2	0.396043	4|2	0.282526
chr17	79750000	80000000	P5_INV	1|1	0.563992	5|2	0.223807	4|2	0.212202
chr17	80000000	80250000	P5_DCIS	1|1	0.321431	5|1	0.396043	3|1	0.282526
chr17	80000000	80250000	P5_INV	1|1	0.563992	5|1	0.223807	3|1	0.212202
chr17	80250000	81195210	P5_DCIS	1|1	0.321431	3|1	0.396043	3|1	0.282526
chr17	80250000	81195210	P5_INV	1|1	0.563992	3|1	0.223807	3|1	0.212202
chr18	1	250000	P5_DCIS	1|1	0.321431	3|2	0.396043	3|2	0.282526
chr18	1	250000	P5_INV	1|1	0.563992	3|2	0.223807	3|2	0.212202
chr18	250000	1000000	P5_DCIS	1|1	0.321431	2|2	0.396043	2|2	0.282526
chr18	250000	1000000	P5_INV	1|1	0.563992	2|2	0.223807	2|2	0.212202
chr18	1250000	1500000	P5_DCIS	1|1	0.321431	2|1	0.396043	2|1	0.282526
chr18	1250000	1500000	P5_INV	1|1	0.563992	2|1	0.223807	2|1	0.212202
chr18	2500000	3500000	P5_DCIS	1|1	0.321431	2|2	0.396043	2|2	0.282526
chr18	2500000	3500000	P5_INV	1|1	0.563992	2|2	0.223807	2|2	0.212202
chr18	3500000	3750000	P5_DCIS	1|1	0.321431	4|4	0.396043	2|2	0.282526
chr18	3500000	3750000	P5_INV	1|1	0.563992	4|4	0.223807	2|2	0.212202
chr18	5750000	6000000	P5_DCIS	1|1	0.321431	2|2	0.396043	2|2	0.282526
chr18	5750000	6000000	P5_INV	1|1	0.563992	2|2	0.223807	2|2	0.212202
chr18	6250000	6500000	P5_DCIS	1|1	0.321431	3|2	0.396043	3|2	0.282526
chr18	6250000	6500000	P5_INV	1|1	0.563992	3|2	0.223807	3|2	0.212202
chr18	6750000	7250000	P5_DCIS	1|1	0.321431	2|2	0.396043	2|2	0.282526
chr18	6750000	7250000	P5_INV	1|1	0.563992	2|2	0.223807	2|2	0.212202
chr18	7500000	7750000	P5_DCIS	1|1	0.321431	2|2	0.396043	2|2	0.282526
chr18	7500000	7750000	P5_INV	1|1	0.563992	2|2	0.223807	2|2	0.212202
chr18	7750000	8000000	P5_DCIS	1|1	0.321431	3|2	0.396043	3|2	0.282526
chr18	7750000	8000000	P5_INV	1|1	0.563992	3|2	0.223807	3|2	0.212202
chr18	8250000	8750000	P5_DCIS	1|1	0.321431	2|2	0.396043	2|2	0.282526
chr18	8250000	8750000	P5_INV	1|1	0.563992	2|2	0.223807	2|2	0.212202
chr18	8750000	9000000	P5_DCIS	1|1	0.321431	2|2	0.396043	3|0	0.282526
chr18	8750000	9000000	P5_INV	1|1	0.563992	2|2	0.223807	3|0	0.212202
chr18	9000000	9250000	P5_DCIS	1|1	0.321431	3|2	0.396043	3|2	0.282526
chr18	9000000	9250000	P5_INV	1|1	0.563992	3|2	0.223807	3|2	0.212202
chr18	9250000	9500000	P5_DCIS	1|1	0.321431	4|4	0.396043	2|2	0.282526
chr18	9250000	9500000	P5_INV	1|1	0.563992	4|4	0.223807	2|2	0.212202
chr18	9500000	10000000	P5_DCIS	1|1	0.321431	2|2	0.396043	2|2	0.282526
chr18	9500000	10000000	P5_INV	1|1	0.563992	2|2	0.223807	2|2	0.212202
chr18	10250000	10500000	P5_DCIS	1|1	0.321431	2|2	0.396043	3|0	0.282526
chr18	10250000	10500000	P5_INV	1|1	0.563992	2|2	0.223807	3|0	0.212202
chr18	10500000	11000000	P5_DCIS	1|1	0.321431	2|2	0.396043	2|2	0.282526
chr18	10500000	11000000	P5_INV	1|1	0.563992	2|2	0.223807	2|2	0.212202
chr18	11000000	11250000	P5_DCIS	1|1	0.321431	3|2	0.396043	3|2	0.282526
chr18	11000000	11250000	P5_INV	1|1	0.563992	3|2	0.223807	3|2	0.212202
chr18	11500000	12000000	P5_DCIS	1|1	0.321431	2|2	0.396043	2|2	0.282526
chr18	11500000	12000000	P5_INV	1|1	0.563992	2|2	0.223807	2|2	0.212202
chr18	12000000	12500000	P5_DCIS	1|1	0.321431	3|2	0.396043	3|2	0.282526
chr18	12000000	12500000	P5_INV	1|1	0.563992	3|2	0.223807	3|2	0.212202
chr18	12750000	13250000	P5_DCIS	1|1	0.321431	2|2	0.396043	2|2	0.282526
chr18	12750000	13250000	P5_INV	1|1	0.563992	2|2	0.223807	2|2	0.212202
chr18	14000000	14250000	P5_DCIS	1|1	0.321431	3|2	0.396043	3|2	0.282526
chr18	14000000	14250000	P5_INV	1|1	0.563992	3|2	0.223807	3|2	0.212202
chr18	14250000	14500000	P5_DCIS	1|1	0.321431	2|2	0.396043	2|2	0.282526
chr18	14250000	14500000	P5_INV	1|1	0.563992	2|2	0.223807	2|2	0.212202
chr18	14500000	14750000	P5_DCIS	1|1	0.321431	3|2	0.396043	3|2	0.282526
chr18	14500000	14750000	P5_INV	1|1	0.563992	3|2	0.223807	3|2	0.212202
chr18	14750000	15000000	P5_DCIS	1|1	0.321431	2|2	0.396043	2|2	0.282526
chr18	14750000	15000000	P5_INV	1|1	0.563992	2|2	0.223807	2|2	0.212202
chr18	15000000	15250000	P5_DCIS	1|1	0.321431	3|2	0.396043	3|2	0.282526
chr18	15000000	15250000	P5_INV	1|1	0.563992	3|2	0.223807	3|2	0.212202
chr18	15250000	15500000	P5_DCIS	1|1	0.321431	2|2	0.396043	3|0	0.282526
chr18	15250000	15500000	P5_INV	1|1	0.563992	2|2	0.223807	3|0	0.212202
chr18	18500000	18750000	P5_DCIS	1|1	0.321431	2|2	0.396043	3|0	0.282526
chr18	18500000	18750000	P5_INV	1|1	0.563992	2|2	0.223807	3|0	0.212202
chr18	18750000	19500000	P5_DCIS	1|1	0.321431	2|2	0.396043	2|2	0.282526
chr18	18750000	19500000	P5_INV	1|1	0.563992	2|2	0.223807	2|2	0.212202
chr18	19750000	20000000	P5_DCIS	1|1	0.321431	2|2	0.396043	2|2	0.282526
chr18	19750000	20000000	P5_INV	1|1	0.563992	2|2	0.223807	2|2	0.212202
chr18	20250000	22250000	P5_DCIS	1|1	0.321431	3|2	0.396043	3|2	0.282526
chr18	20250000	22250000	P5_INV	1|1	0.563992	3|2	0.223807	3|2	0.212202
chr18	22500000	22750000	P5_DCIS	1|1	0.321431	3|2	0.396043	3|2	0.282526
chr18	22500000	22750000	P5_INV	1|1	0.563992	3|2	0.223807	3|2	0.212202
chr18	22750000	23000000	P5_DCIS	1|1	0.321431	2|2	0.396043	2|2	0.282526
chr18	22750000	23000000	P5_INV	1|1	0.563992	2|2	0.223807	2|2	0.212202
chr18	23500000	24000000	P5_DCIS	1|1	0.321431	3|2	0.396043	3|2	0.282526
chr18	23500000	24000000	P5_INV	1|1	0.563992	3|2	0.223807	3|2	0.212202
chr18	24000000	24250000	P5_DCIS	1|1	0.321431	5|2	0.396043	2|2	0.282526
chr18	24000000	24250000	P5_INV	1|1	0.563992	5|2	0.223807	2|2	0.212202
chr18	24250000	24500000	P5_DCIS	1|1	0.321431	3|1	0.396043	3|1	0.282526
chr18	24250000	24500000	P5_INV	1|1	0.563992	3|1	0.223807	3|1	0.212202
chr18	24500000	24750000	P5_DCIS	1|1	0.321431	2|2	0.396043	2|2	0.282526
chr18	24500000	24750000	P5_INV	1|1	0.563992	2|2	0.223807	2|2	0.212202
chr18	25000000	25250000	P5_DCIS	1|1	0.321431	2|2	0.396043	2|2	0.282526
chr18	25000000	25250000	P5_INV	1|1	0.563992	2|2	0.223807	2|2	0.212202
chr18	25500000	25750000	P5_DCIS	1|1	0.321431	3|2	0.396043	3|2	0.282526
chr18	25500000	25750000	P5_INV	1|1	0.563992	3|2	0.223807	3|2	0.212202
chr18	28500000	30250000	P5_DCIS	1|1	0.321431	3|2	0.396043	3|2	0.282526
chr18	28500000	30250000	P5_INV	1|1	0.563992	3|2	0.223807	3|2	0.212202
chr18	30750000	31000000	P5_DCIS	1|1	0.321431	2|2	0.396043	3|0	0.282526
chr18	30750000	31000000	P5_INV	1|1	0.563992	2|2	0.223807	3|0	0.212202
chr18	32250000	32750000	P5_DCIS	1|1	0.321431	2|1	0.396043	2|1	0.282526
chr18	32250000	32750000	P5_INV	1|1	0.563992	2|1	0.223807	2|1	0.212202
chr18	32750000	33000000	P5_DCIS	1|1	0.321431	2|2	0.396043	3|0	0.282526
chr18	32750000	33000000	P5_INV	1|1	0.563992	2|2	0.223807	3|0	0.212202
chr18	33000000	34750000	P5_DCIS	1|1	0.321431	3|2	0.396043	3|2	0.282526
chr18	33000000	34750000	P5_INV	1|1	0.563992	3|2	0.223807	3|2	0.212202
chr18	34750000	35000000	P5_DCIS	1|1	0.321431	2|1	0.396043	2|1	0.282526
chr18	34750000	35000000	P5_INV	1|1	0.563992	2|1	0.223807	2|1	0.212202
chr18	35250000	35500000	P5_DCIS	1|1	0.321431	3|1	0.396043	3|1	0.282526
chr18	35250000	35500000	P5_INV	1|1	0.563992	3|1	0.223807	3|1	0.212202
chr18	36250000	36500000	P5_DCIS	1|1	0.321431	9|2	0.396043	2|4	0.282526
chr18	36250000	36500000	P5_INV	1|1	0.563992	9|2	0.223807	2|4	0.212202
chr18	36750000	37000000	P5_DCIS	1|1	0.321431	3|1	0.396043	3|1	0.282526
chr18	36750000	37000000	P5_INV	1|1	0.563992	3|1	0.223807	3|1	0.212202
chr18	37000000	37250000	P5_DCIS	1|1	0.321431	2|2	0.396043	6|2	0.282526
chr18	37000000	37250000	P5_INV	1|1	0.563992	2|2	0.223807	6|2	0.212202
chr18	39500000	39750000	P5_DCIS	1|1	0.321431	3|2	0.396043	3|2	0.282526
chr18	39500000	39750000	P5_INV	1|1	0.563992	3|2	0.223807	3|2	0.212202
chr18	40250000	40500000	P5_DCIS	1|1	0.321431	3|2	0.396043	3|2	0.282526
chr18	40250000	40500000	P5_INV	1|1	0.563992	3|2	0.223807	3|2	0.212202
chr18	40500000	40750000	P5_DCIS	1|1	0.321431	2|1	0.396043	2|1	0.282526
chr18	40500000	40750000	P5_INV	1|1	0.563992	2|1	0.223807	2|1	0.212202
chr18	41750000	42000000	P5_DCIS	1|1	0.321431	2|1	0.396043	2|1	0.282526
chr18	41750000	42000000	P5_INV	1|1	0.563992	2|1	0.223807	2|1	0.212202
chr18	42250000	42750000	P5_DCIS	1|1	0.321431	3|2	0.396043	3|2	0.282526
chr18	42250000	42750000	P5_INV	1|1	0.563992	3|2	0.223807	3|2	0.212202
chr18	43000000	43250000	P5_DCIS	1|1	0.321431	2|1	0.396043	2|1	0.282526
chr18	43000000	43250000	P5_INV	1|1	0.563992	2|1	0.223807	2|1	0.212202
chr18	43250000	43500000	P5_DCIS	1|1	0.321431	3|2	0.396043	3|2	0.282526
chr18	43250000	43500000	P5_INV	1|1	0.563992	3|2	0.223807	3|2	0.212202
chr18	43500000	43750000	P5_DCIS	1|1	0.321431	2|1	0.396043	2|1	0.282526
chr18	43500000	43750000	P5_INV	1|1	0.563992	2|1	0.223807	2|1	0.212202
chr18	44000000	44250000	P5_DCIS	1|1	0.321431	2|1	0.396043	2|1	0.282526
chr18	44000000	44250000	P5_INV	1|1	0.563992	2|1	0.223807	2|1	0.212202
chr18	44250000	44500000	P5_DCIS	1|1	0.321431	3|2	0.396043	3|2	0.282526
chr18	44250000	44500000	P5_INV	1|1	0.563992	3|2	0.223807	3|2	0.212202
chr18	44500000	44750000	P5_DCIS	1|1	0.321431	2|1	0.396043	2|1	0.282526
chr18	44500000	44750000	P5_INV	1|1	0.563992	2|1	0.223807	2|1	0.212202
chr18	45000000	45250000	P5_DCIS	1|1	0.321431	3|1	0.396043	3|1	0.282526
chr18	45000000	45250000	P5_INV	1|1	0.563992	3|1	0.223807	3|1	0.212202
chr18	46250000	46500000	P5_DCIS	1|1	0.321431	3|2	0.396043	3|2	0.282526
chr18	46250000	46500000	P5_INV	1|1	0.563992	3|2	0.223807	3|2	0.212202
chr18	46500000	47750000	P5_DCIS	1|1	0.321431	2|1	0.396043	2|1	0.282526
chr18	46500000	47750000	P5_INV	1|1	0.563992	2|1	0.223807	2|1	0.212202
chr18	47750000	48000000	P5_DCIS	1|1	0.321431	3|2	0.396043	3|2	0.282526
chr18	47750000	48000000	P5_INV	1|1	0.563992	3|2	0.223807	3|2	0.212202
chr18	48250000	48500000	P5_DCIS	1|1	0.321431	2|1	0.396043	2|1	0.282526
chr18	48250000	48500000	P5_INV	1|1	0.563992	2|1	0.223807	2|1	0.212202
chr18	50250000	50500000	P5_DCIS	1|1	0.321431	3|2	0.396043	3|2	0.282526
chr18	50250000	50500000	P5_INV	1|1	0.563992	3|2	0.223807	3|2	0.212202
chr18	50500000	50750000	P5_DCIS	1|1	0.321431	2|2	0.396043	2|2	0.282526
chr18	50500000	50750000	P5_INV	1|1	0.563992	2|2	0.223807	2|2	0.212202
chr18	51500000	51750000	P5_DCIS	1|1	0.321431	3|2	0.396043	3|2	0.282526
chr18	51500000	51750000	P5_INV	1|1	0.563992	3|2	0.223807	3|2	0.212202
chr18	51750000	52000000	P5_DCIS	1|1	0.321431	2|1	0.396043	2|1	0.282526
chr18	51750000	52000000	P5_INV	1|1	0.563992	2|1	0.223807	2|1	0.212202
chr18	52750000	53000000	P5_DCIS	1|1	0.321431	2|1	0.396043	2|1	0.282526
chr18	52750000	53000000	P5_INV	1|1	0.563992	2|1	0.223807	2|1	0.212202
chr18	53250000	53500000	P5_DCIS	1|1	0.321431	2|1	0.396043	2|1	0.282526
chr18	53250000	53500000	P5_INV	1|1	0.563992	2|1	0.223807	2|1	0.212202
chr18	54250000	54500000	P5_DCIS	1|1	0.321431	2|2	0.396043	2|2	0.282526
chr18	54250000	54500000	P5_INV	1|1	0.563992	2|2	0.223807	2|2	0.212202
chr18	54500000	55000000	P5_DCIS	1|1	0.321431	2|1	0.396043	2|1	0.282526
chr18	54500000	55000000	P5_INV	1|1	0.563992	2|1	0.223807	2|1	0.212202
chr18	55000000	55500000	P5_DCIS	1|1	0.321431	3|2	0.396043	3|2	0.282526
chr18	55000000	55500000	P5_INV	1|1	0.563992	3|2	0.223807	3|2	0.212202
chr18	55500000	56000000	P5_DCIS	1|1	0.321431	2|1	0.396043	2|1	0.282526
chr18	55500000	56000000	P5_INV	1|1	0.563992	2|1	0.223807	2|1	0.212202
chr18	56000000	56250000	P5_DCIS	1|1	0.321431	3|2	0.396043	3|2	0.282526
chr18	56000000	56250000	P5_INV	1|1	0.563992	3|2	0.223807	3|2	0.212202
chr18	56250000	56500000	P5_DCIS	1|1	0.321431	2|2	0.396043	2|2	0.282526
chr18	56250000	56500000	P5_INV	1|1	0.563992	2|2	0.223807	2|2	0.212202
chr18	56500000	57000000	P5_DCIS	1|1	0.321431	3|2	0.396043	3|2	0.282526
chr18	56500000	57000000	P5_INV	1|1	0.563992	3|2	0.223807	3|2	0.212202
chr18	57000000	57250000	P5_DCIS	1|1	0.321431	2|1	0.396043	2|1	0.282526
chr18	57000000	57250000	P5_INV	1|1	0.563992	2|1	0.223807	2|1	0.212202
chr18	57500000	57750000	P5_DCIS	1|1	0.321431	2|2	0.396043	2|2	0.282526
chr18	57500000	57750000	P5_INV	1|1	0.563992	2|2	0.223807	2|2	0.212202
chr18	57750000	58000000	P5_DCIS	1|1	0.321431	2|1	0.396043	2|1	0.282526
chr18	57750000	58000000	P5_INV	1|1	0.563992	2|1	0.223807	2|1	0.212202
chr18	59000000	59250000	P5_DCIS	1|1	0.321431	2|1	0.396043	2|1	0.282526
chr18	59000000	59250000	P5_INV	1|1	0.563992	2|1	0.223807	2|1	0.212202
chr18	59250000	59500000	P5_DCIS	1|1	0.321431	3|2	0.396043	3|2	0.282526
chr18	59250000	59500000	P5_INV	1|1	0.563992	3|2	0.223807	3|2	0.212202
chr18	59750000	60000000	P5_DCIS	1|1	0.321431	2|1	0.396043	2|1	0.282526
chr18	59750000	60000000	P5_INV	1|1	0.563992	2|1	0.223807	2|1	0.212202
chr18	60000000	60250000	P5_DCIS	1|1	0.321431	3|2	0.396043	3|2	0.282526
chr18	60000000	60250000	P5_INV	1|1	0.563992	3|2	0.223807	3|2	0.212202
chr18	60500000	60750000	P5_DCIS	1|1	0.321431	2|2	0.396043	3|0	0.282526
chr18	60500000	60750000	P5_INV	1|1	0.563992	2|2	0.223807	3|0	0.212202
chr18	61000000	61250000	P5_DCIS	1|1	0.321431	3|2	0.396043	3|2	0.282526
chr18	61000000	61250000	P5_INV	1|1	0.563992	3|2	0.223807	3|2	0.212202
chr18	61250000	61500000	P5_DCIS	1|1	0.321431	2|1	0.396043	2|1	0.282526
chr18	61250000	61500000	P5_INV	1|1	0.563992	2|1	0.223807	2|1	0.212202
chr18	64000000	64250000	P5_DCIS	1|1	0.321431	2|1	0.396043	2|1	0.282526
chr18	64000000	64250000	P5_INV	1|1	0.563992	2|1	0.223807	2|1	0.212202
chr18	65250000	65500000	P5_DCIS	1|1	0.321431	2|2	0.396043	3|0	0.282526
chr18	65250000	65500000	P5_INV	1|1	0.563992	2|2	0.223807	3|0	0.212202
chr18	66000000	66250000	P5_DCIS	1|1	0.321431	2|1	0.396043	2|1	0.282526
chr18	66000000	66250000	P5_INV	1|1	0.563992	2|1	0.223807	2|1	0.212202
chr18	66500000	66750000	P5_DCIS	1|1	0.321431	2|1	0.396043	2|1	0.282526
chr18	66500000	66750000	P5_INV	1|1	0.563992	2|1	0.223807	2|1	0.212202
chr18	67250000	67750000	P5_DCIS	1|1	0.321431	2|1	0.396043	2|1	0.282526
chr18	67250000	67750000	P5_INV	1|1	0.563992	2|1	0.223807	2|1	0.212202
chr18	67750000	68000000	P5_DCIS	1|1	0.321431	2|1	0.396043	5|0	0.282526
chr18	67750000	68000000	P5_INV	1|1	0.563992	2|1	0.223807	5|0	0.212202
chr18	70250000	70750000	P5_DCIS	1|1	0.321431	2|1	0.396043	2|1	0.282526
chr18	70250000	70750000	P5_INV	1|1	0.563992	2|1	0.223807	2|1	0.212202
chr18	71500000	71750000	P5_DCIS	1|1	0.321431	2|1	0.396043	2|1	0.282526
chr18	71500000	71750000	P5_INV	1|1	0.563992	2|1	0.223807	2|1	0.212202
chr18	71750000	72250000	P5_DCIS	1|1	0.321431	3|1	0.396043	3|1	0.282526
chr18	71750000	72250000	P5_INV	1|1	0.563992	3|1	0.223807	3|1	0.212202
chr18	72250000	72500000	P5_DCIS	1|1	0.321431	2|1	0.396043	2|1	0.282526
chr18	72250000	72500000	P5_INV	1|1	0.563992	2|1	0.223807	2|1	0.212202
chr18	72500000	72750000	P5_DCIS	1|1	0.321431	3|2	0.396043	3|2	0.282526
chr18	72500000	72750000	P5_INV	1|1	0.563992	3|2	0.223807	3|2	0.212202
chr18	72750000	73000000	P5_DCIS	1|1	0.321431	5|1	0.396043	3|1	0.282526
chr18	72750000	73000000	P5_INV	1|1	0.563992	5|1	0.223807	3|1	0.212202
chr18	74250000	74500000	P5_DCIS	1|1	0.321431	3|1	0.396043	3|1	0.282526
chr18	74250000	74500000	P5_INV	1|1	0.563992	3|1	0.223807	3|1	0.212202
chr18	74500000	74750000	P5_DCIS	1|1	0.321431	2|1	0.396043	2|1	0.282526
chr18	74500000	74750000	P5_INV	1|1	0.563992	2|1	0.223807	2|1	0.212202
chr18	74750000	75000000	P5_DCIS	1|1	0.321431	3|1	0.396043	3|1	0.282526
chr18	74750000	75000000	P5_INV	1|1	0.563992	3|1	0.223807	3|1	0.212202
chr18	76750000	77000000	P5_DCIS	1|1	0.321431	3|1	0.396043	3|1	0.282526
chr18	76750000	77000000	P5_INV	1|1	0.563992	3|1	0.223807	3|1	0.212202
chr18	77000000	77250000	P5_DCIS	1|1	0.321431	3|2	0.396043	3|2	0.282526
chr18	77000000	77250000	P5_INV	1|1	0.563992	3|2	0.223807	3|2	0.212202
chr18	77250000	77750000	P5_DCIS	1|1	0.321431	2|1	0.396043	2|1	0.282526
chr18	77250000	77750000	P5_INV	1|1	0.563992	2|1	0.223807	2|1	0.212202
chr18	77750000	78000000	P5_DCIS	1|1	0.321431	3|2	0.396043	3|2	0.282526
chr18	77750000	78000000	P5_INV	1|1	0.563992	3|2	0.223807	3|2	0.212202
chr19	250000	500000	P5_DCIS	1|1	0.321431	7|4	0.396043	3|2	0.282526
chr19	250000	500000	P5_INV	1|1	0.563992	7|4	0.223807	3|2	0.212202
chr19	500000	750000	P5_DCIS	1|1	0.321431	4|4	0.396043	2|2	0.282526
chr19	500000	750000	P5_INV	1|1	0.563992	4|4	0.223807	2|2	0.212202
chr19	750000	1000000	P5_DCIS	1|1	0.321431	7|4	0.396043	3|2	0.282526
chr19	750000	1000000	P5_INV	1|1	0.563992	7|4	0.223807	3|2	0.212202
chr19	1000000	1250000	P5_DCIS	1|1	0.321431	5|2	0.396043	2|2	0.282526
chr19	1000000	1250000	P5_INV	1|1	0.563992	5|2	0.223807	2|2	0.212202
chr19	1250000	2000000	P5_DCIS	1|1	0.321431	3|1	0.396043	3|1	0.282526
chr19	1250000	2000000	P5_INV	1|1	0.563992	3|1	0.223807	3|1	0.212202
chr19	2000000	2250000	P5_DCIS	1|1	0.321431	8|2	0.396043	2|2	0.282526
chr19	2000000	2250000	P5_INV	1|1	0.563992	8|2	0.223807	2|2	0.212202
chr19	2250000	2500000	P5_DCIS	1|1	0.321431	7|4	0.396043	3|2	0.282526
chr19	2250000	2500000	P5_INV	1|1	0.563992	7|4	0.223807	3|2	0.212202
chr19	2750000	3000000	P5_DCIS	1|1	0.321431	7|4	0.396043	3|2	0.282526
chr19	2750000	3000000	P5_INV	1|1	0.563992	7|4	0.223807	3|2	0.212202
chr19	3000000	3250000	P5_DCIS	1|1	0.321431	9|3	0.396043	10|2	0.282526
chr19	3000000	3250000	P5_INV	1|1	0.563992	9|3	0.223807	10|2	0.212202
chr19	3250000	3500000	P5_DCIS	1|1	0.321431	9|2	0.396043	2|4	0.282526
chr19	3250000	3500000	P5_INV	1|1	0.563992	9|2	0.223807	2|4	0.212202
chr19	3500000	4250000	P5_DCIS	1|1	0.321431	7|4	0.396043	3|2	0.282526
chr19	3500000	4250000	P5_INV	1|1	0.563992	7|4	0.223807	3|2	0.212202
chr19	4250000	4500000	P5_DCIS	1|1	0.321431	3|2	0.396043	3|2	0.282526
chr19	4250000	4500000	P5_INV	1|1	0.563992	3|2	0.223807	3|2	0.212202
chr19	4500000	6750000	P5_DCIS	1|1	0.321431	3|1	0.396043	3|1	0.282526
chr19	4500000	6750000	P5_INV	1|1	0.563992	3|1	0.223807	3|1	0.212202
chr19	6750000	7000000	P5_DCIS	1|1	0.321431	2|2	0.396043	5|2	0.282526
chr19	6750000	7000000	P5_INV	1|1	0.563992	2|2	0.223807	5|2	0.212202
chr19	7000000	7250000	P5_DCIS	1|1	0.321431	4|4	0.396043	2|2	0.282526
chr19	7000000	7250000	P5_INV	1|1	0.563992	4|4	0.223807	2|2	0.212202
chr19	7500000	8250000	P5_DCIS	1|1	0.321431	3|1	0.396043	3|1	0.282526
chr19	7500000	8250000	P5_INV	1|1	0.563992	3|1	0.223807	3|1	0.212202
chr19	8250000	8500000	P5_DCIS	1|1	0.321431	5|1	0.396043	3|1	0.282526
chr19	8250000	8500000	P5_INV	1|1	0.563992	5|1	0.223807	3|1	0.212202
chr19	8500000	8750000	P5_DCIS	1|1	0.321431	3|2	0.396043	3|2	0.282526
chr19	8500000	8750000	P5_INV	1|1	0.563992	3|2	0.223807	3|2	0.212202
chr19	8750000	9000000	P5_DCIS	1|1	0.321431	2|2	0.396043	5|2	0.282526
chr19	8750000	9000000	P5_INV	1|1	0.563992	2|2	0.223807	5|2	0.212202
chr19	9000000	9500000	P5_DCIS	1|1	0.321431	4|4	0.396043	2|2	0.282526
chr19	9000000	9500000	P5_INV	1|1	0.563992	4|4	0.223807	2|2	0.212202
chr19	9500000	9750000	P5_DCIS	1|1	0.321431	2|2	0.396043	5|2	0.282526
chr19	9500000	9750000	P5_INV	1|1	0.563992	2|2	0.223807	5|2	0.212202
chr19	9750000	10250000	P5_DCIS	1|1	0.321431	4|4	0.396043	2|2	0.282526
chr19	9750000	10250000	P5_INV	1|1	0.563992	4|4	0.223807	2|2	0.212202
chr19	10250000	10500000	P5_DCIS	1|1	0.321431	7|4	0.396043	3|2	0.282526
chr19	10250000	10500000	P5_INV	1|1	0.563992	7|4	0.223807	3|2	0.212202
chr19	10500000	10750000	P5_DCIS	1|1	0.321431	4|4	0.396043	2|2	0.282526
chr19	10500000	10750000	P5_INV	1|1	0.563992	4|4	0.223807	2|2	0.212202
chr19	10750000	11250000	P5_DCIS	1|1	0.321431	3|2	0.396043	3|2	0.282526
chr19	10750000	11250000	P5_INV	1|1	0.563992	3|2	0.223807	3|2	0.212202
chr19	11250000	11500000	P5_DCIS	1|1	0.321431	7|4	0.396043	3|2	0.282526
chr19	11250000	11500000	P5_INV	1|1	0.563992	7|4	0.223807	3|2	0.212202
chr19	11500000	12000000	P5_DCIS	1|1	0.321431	4|4	0.396043	2|2	0.282526
chr19	11500000	12000000	P5_INV	1|1	0.563992	4|4	0.223807	2|2	0.212202
chr19	12000000	12250000	P5_DCIS	1|1	0.321431	7|4	0.396043	3|2	0.282526
chr19	12000000	12250000	P5_INV	1|1	0.563992	7|4	0.223807	3|2	0.212202
chr19	12250000	12500000	P5_DCIS	1|1	0.321431	2|2	0.396043	5|2	0.282526
chr19	12250000	12500000	P5_INV	1|1	0.563992	2|2	0.223807	5|2	0.212202
chr19	12500000	12750000	P5_DCIS	1|1	0.321431	7|4	0.396043	3|2	0.282526
chr19	12500000	12750000	P5_INV	1|1	0.563992	7|4	0.223807	3|2	0.212202
chr19	12750000	13500000	P5_DCIS	1|1	0.321431	4|4	0.396043	2|2	0.282526
chr19	12750000	13500000	P5_INV	1|1	0.563992	4|4	0.223807	2|2	0.212202
chr19	13500000	13750000	P5_DCIS	1|1	0.321431	2|2	0.396043	5|2	0.282526
chr19	13500000	13750000	P5_INV	1|1	0.563992	2|2	0.223807	5|2	0.212202
chr19	13750000	14250000	P5_DCIS	1|1	0.321431	4|4	0.396043	2|2	0.282526
chr19	13750000	14250000	P5_INV	1|1	0.563992	4|4	0.223807	2|2	0.212202
chr19	14250000	14500000	P5_DCIS	1|1	0.321431	3|2	0.396043	3|2	0.282526
chr19	14250000	14500000	P5_INV	1|1	0.563992	3|2	0.223807	3|2	0.212202
chr19	14500000	14750000	P5_DCIS	1|1	0.321431	4|4	0.396043	2|2	0.282526
chr19	14500000	14750000	P5_INV	1|1	0.563992	4|4	0.223807	2|2	0.212202
chr19	14750000	16250000	P5_DCIS	1|1	0.321431	7|4	0.396043	3|2	0.282526
chr19	14750000	16250000	P5_INV	1|1	0.563992	7|4	0.223807	3|2	0.212202
chr19	16500000	16750000	P5_DCIS	1|1	0.321431	7|4	0.396043	3|2	0.282526
chr19	16500000	16750000	P5_INV	1|1	0.563992	7|4	0.223807	3|2	0.212202
chr19	16750000	17250000	P5_DCIS	1|1	0.321431	4|4	0.396043	2|2	0.282526
chr19	16750000	17250000	P5_INV	1|1	0.563992	4|4	0.223807	2|2	0.212202
chr19	17250000	20000000	P5_DCIS	1|1	0.321431	7|4	0.396043	3|2	0.282526
chr19	17250000	20000000	P5_INV	1|1	0.563992	7|4	0.223807	3|2	0.212202
chr19	20000000	20250000	P5_DCIS	1|1	0.321431	2|2	0.396043	5|2	0.282526
chr19	20000000	20250000	P5_INV	1|1	0.563992	2|2	0.223807	5|2	0.212202
chr19	21250000	21500000	P5_DCIS	1|1	0.321431	2|2	0.396043	6|2	0.282526
chr19	21250000	21500000	P5_INV	1|1	0.563992	2|2	0.223807	6|2	0.212202
chr19	21500000	22000000	P5_DCIS	1|1	0.321431	3|1	0.396043	3|1	0.282526
chr19	21500000	22000000	P5_INV	1|1	0.563992	3|1	0.223807	3|1	0.212202
chr19	22250000	22750000	P5_DCIS	1|1	0.321431	3|1	0.396043	3|1	0.282526
chr19	22250000	22750000	P5_INV	1|1	0.563992	3|1	0.223807	3|1	0.212202
chr19	22750000	23000000	P5_DCIS	1|1	0.321431	2|2	0.396043	3|0	0.282526
chr19	22750000	23000000	P5_INV	1|1	0.563992	2|2	0.223807	3|0	0.212202
chr19	23250000	23500000	P5_DCIS	1|1	0.321431	3|2	0.396043	3|2	0.282526
chr19	23250000	23500000	P5_INV	1|1	0.563992	3|2	0.223807	3|2	0.212202
chr19	23500000	23750000	P5_DCIS	1|1	0.321431	3|1	0.396043	3|1	0.282526
chr19	23500000	23750000	P5_INV	1|1	0.563992	3|1	0.223807	3|1	0.212202
chr19	23750000	24000000	P5_DCIS	1|1	0.321431	2|2	0.396043	6|1	0.282526
chr19	23750000	24000000	P5_INV	1|1	0.563992	2|2	0.223807	6|1	0.212202
chr19	24000000	24250000	P5_DCIS	1|1	0.321431	3|1	0.396043	3|1	0.282526
chr19	24000000	24250000	P5_INV	1|1	0.563992	3|1	0.223807	3|1	0.212202
chr19	27500000	27750000	P5_DCIS	1|1	0.321431	2|2	0.396043	6|2	0.282526
chr19	27500000	27750000	P5_INV	1|1	0.563992	2|2	0.223807	6|2	0.212202
chr19	28250000	28500000	P5_DCIS	1|1	0.321431	2|1	0.396043	5|0	0.282526
chr19	28250000	28500000	P5_INV	1|1	0.563992	2|1	0.223807	5|0	0.212202
chr19	29250000	29500000	P5_DCIS	1|1	0.321431	3|1	0.396043	3|1	0.282526
chr19	29250000	29500000	P5_INV	1|1	0.563992	3|1	0.223807	3|1	0.212202
chr19	29500000	29750000	P5_DCIS	1|1	0.321431	2|1	0.396043	5|0	0.282526
chr19	29500000	29750000	P5_INV	1|1	0.563992	2|1	0.223807	5|0	0.212202
chr19	30000000	30250000	P5_DCIS	1|1	0.321431	2|1	0.396043	2|1	0.282526
chr19	30000000	30250000	P5_INV	1|1	0.563992	2|1	0.223807	2|1	0.212202
chr19	30250000	30750000	P5_DCIS	1|1	0.321431	3|1	0.396043	3|1	0.282526
chr19	30250000	30750000	P5_INV	1|1	0.563992	3|1	0.223807	3|1	0.212202
chr19	30750000	31000000	P5_DCIS	1|1	0.321431	2|1	0.396043	5|0	0.282526
chr19	30750000	31000000	P5_INV	1|1	0.563992	2|1	0.223807	5|0	0.212202
chr19	32750000	34750000	P5_DCIS	1|1	0.321431	3|1	0.396043	3|1	0.282526
chr19	32750000	34750000	P5_INV	1|1	0.563992	3|1	0.223807	3|1	0.212202
chr19	35000000	35250000	P5_DCIS	1|1	0.321431	3|1	0.396043	3|1	0.282526
chr19	35000000	35250000	P5_INV	1|1	0.563992	3|1	0.223807	3|1	0.212202
chr19	35500000	35750000	P5_DCIS	1|1	0.321431	5|1	0.396043	3|1	0.282526
chr19	35500000	35750000	P5_INV	1|1	0.563992	5|1	0.223807	3|1	0.212202
chr19	35750000	36000000	P5_DCIS	1|1	0.321431	3|1	0.396043	3|1	0.282526
chr19	35750000	36000000	P5_INV	1|1	0.563992	3|1	0.223807	3|1	0.212202
chr19	36000000	36250000	P5_DCIS	1|1	0.321431	5|1	0.396043	3|1	0.282526
chr19	36000000	36250000	P5_INV	1|1	0.563992	5|1	0.223807	3|1	0.212202
chr19	36250000	36750000	P5_DCIS	1|1	0.321431	3|1	0.396043	3|1	0.282526
chr19	36250000	36750000	P5_INV	1|1	0.563992	3|1	0.223807	3|1	0.212202
chr19	36750000	37250000	P5_DCIS	1|1	0.321431	2|2	0.396043	3|0	0.282526
chr19	36750000	37250000	P5_INV	1|1	0.563992	2|2	0.223807	3|0	0.212202
chr19	37250000	38000000	P5_DCIS	1|1	0.321431	3|1	0.396043	3|1	0.282526
chr19	37250000	38000000	P5_INV	1|1	0.563992	3|1	0.223807	3|1	0.212202
chr19	38000000	38250000	P5_DCIS	1|1	0.321431	4|4	0.396043	2|2	0.282526
chr19	38000000	38250000	P5_INV	1|1	0.563992	4|4	0.223807	2|2	0.212202
chr19	38250000	38750000	P5_DCIS	1|1	0.321431	7|4	0.396043	3|2	0.282526
chr19	38250000	38750000	P5_INV	1|1	0.563992	7|4	0.223807	3|2	0.212202
chr19	38750000	40250000	P5_DCIS	1|1	0.321431	4|4	0.396043	2|2	0.282526
chr19	38750000	40250000	P5_INV	1|1	0.563992	4|4	0.223807	2|2	0.212202
chr19	40250000	40500000	P5_DCIS	1|1	0.321431	4|4	0.396043	4|3	0.282526
chr19	40250000	40500000	P5_INV	1|1	0.563992	4|4	0.223807	4|3	0.212202
chr19	40500000	40750000	P5_DCIS	1|1	0.321431	3|1	0.396043	3|1	0.282526
chr19	40500000	40750000	P5_INV	1|1	0.563992	3|1	0.223807	3|1	0.212202
chr19	40750000	41500000	P5_DCIS	1|1	0.321431	5|1	0.396043	3|1	0.282526
chr19	40750000	41500000	P5_INV	1|1	0.563992	5|1	0.223807	3|1	0.212202
chr19	41500000	41750000	P5_DCIS	1|1	0.321431	3|1	0.396043	3|1	0.282526
chr19	41500000	41750000	P5_INV	1|1	0.563992	3|1	0.223807	3|1	0.212202
chr19	41750000	42000000	P5_DCIS	1|1	0.321431	5|1	0.396043	3|1	0.282526
chr19	41750000	42000000	P5_INV	1|1	0.563992	5|1	0.223807	3|1	0.212202
chr19	42500000	42750000	P5_DCIS	1|1	0.321431	3|2	0.396043	3|2	0.282526
chr19	42500000	42750000	P5_INV	1|1	0.563992	3|2	0.223807	3|2	0.212202
chr19	43000000	43750000	P5_DCIS	1|1	0.321431	3|1	0.396043	3|1	0.282526
chr19	43000000	43750000	P5_INV	1|1	0.563992	3|1	0.223807	3|1	0.212202
chr19	43750000	44750000	P5_DCIS	1|1	0.321431	3|2	0.396043	3|2	0.282526
chr19	43750000	44750000	P5_INV	1|1	0.563992	3|2	0.223807	3|2	0.212202
chr19	44750000	46000000	P5_DCIS	1|1	0.321431	4|4	0.396043	2|2	0.282526
chr19	44750000	46000000	P5_INV	1|1	0.563992	4|4	0.223807	2|2	0.212202
chr19	46000000	46250000	P5_DCIS	1|1	0.321431	4|4	0.396043	4|3	0.282526
chr19	46000000	46250000	P5_INV	1|1	0.563992	4|4	0.223807	4|3	0.212202
chr19	46250000	47250000	P5_DCIS	1|1	0.321431	4|4	0.396043	2|2	0.282526
chr19	46250000	47250000	P5_INV	1|1	0.563992	4|4	0.223807	2|2	0.212202
chr19	47250000	48000000	P5_DCIS	1|1	0.321431	3|2	0.396043	3|2	0.282526
chr19	47250000	48000000	P5_INV	1|1	0.563992	3|2	0.223807	3|2	0.212202
chr19	48000000	48250000	P5_DCIS	1|1	0.321431	5|2	0.396043	2|2	0.282526
chr19	48000000	48250000	P5_INV	1|1	0.563992	5|2	0.223807	2|2	0.212202
chr19	48250000	48750000	P5_DCIS	1|1	0.321431	3|2	0.396043	3|2	0.282526
chr19	48250000	48750000	P5_INV	1|1	0.563992	3|2	0.223807	3|2	0.212202
chr19	48750000	49000000	P5_DCIS	1|1	0.321431	4|4	0.396043	2|2	0.282526
chr19	48750000	49000000	P5_INV	1|1	0.563992	4|4	0.223807	2|2	0.212202
chr19	49000000	49750000	P5_DCIS	1|1	0.321431	5|2	0.396043	2|2	0.282526
chr19	49000000	49750000	P5_INV	1|1	0.563992	5|2	0.223807	2|2	0.212202
chr19	49750000	50000000	P5_DCIS	1|1	0.321431	3|2	0.396043	3|2	0.282526
chr19	49750000	50000000	P5_INV	1|1	0.563992	3|2	0.223807	3|2	0.212202
chr19	50000000	50250000	P5_DCIS	1|1	0.321431	5|2	0.396043	2|2	0.282526
chr19	50000000	50250000	P5_INV	1|1	0.563992	5|2	0.223807	2|2	0.212202
chr19	50250000	52250000	P5_DCIS	1|1	0.321431	3|2	0.396043	3|2	0.282526
chr19	50250000	52250000	P5_INV	1|1	0.563992	3|2	0.223807	3|2	0.212202
chr19	52250000	52500000	P5_DCIS	1|1	0.321431	2|2	0.396043	2|2	0.282526
chr19	52250000	52500000	P5_INV	1|1	0.563992	2|2	0.223807	2|2	0.212202
chr19	52500000	52750000	P5_DCIS	1|1	0.321431	3|2	0.396043	3|2	0.282526
chr19	52500000	52750000	P5_INV	1|1	0.563992	3|2	0.223807	3|2	0.212202
chr19	52750000	53500000	P5_DCIS	1|1	0.321431	2|2	0.396043	5|2	0.282526
chr19	52750000	53500000	P5_INV	1|1	0.563992	2|2	0.223807	5|2	0.212202
chr19	53500000	54000000	P5_DCIS	1|1	0.321431	3|2	0.396043	3|2	0.282526
chr19	53500000	54000000	P5_INV	1|1	0.563992	3|2	0.223807	3|2	0.212202
chr19	54000000	54500000	P5_DCIS	1|1	0.321431	2|2	0.396043	5|2	0.282526
chr19	54000000	54500000	P5_INV	1|1	0.563992	2|2	0.223807	5|2	0.212202
chr19	54500000	54750000	P5_DCIS	1|1	0.321431	2|1	0.396043	5|0	0.282526
chr19	54500000	54750000	P5_INV	1|1	0.563992	2|1	0.223807	5|0	0.212202
chr19	55500000	55750000	P5_DCIS	1|1	0.321431	3|2	0.396043	3|2	0.282526
chr19	55500000	55750000	P5_INV	1|1	0.563992	3|2	0.223807	3|2	0.212202
chr19	55750000	56000000	P5_DCIS	1|1	0.321431	5|2	0.396043	2|2	0.282526
chr19	55750000	56000000	P5_INV	1|1	0.563992	5|2	0.223807	2|2	0.212202
chr19	56000000	56500000	P5_DCIS	1|1	0.321431	4|4	0.396043	2|2	0.282526
chr19	56000000	56500000	P5_INV	1|1	0.563992	4|4	0.223807	2|2	0.212202
chr19	56500000	57750000	P5_DCIS	1|1	0.321431	7|4	0.396043	3|2	0.282526
chr19	56500000	57750000	P5_INV	1|1	0.563992	7|4	0.223807	3|2	0.212202
chr19	57750000	58000000	P5_DCIS	1|1	0.321431	4|4	0.396043	2|2	0.282526
chr19	57750000	58000000	P5_INV	1|1	0.563992	4|4	0.223807	2|2	0.212202
chr19	58000000	58500000	P5_DCIS	1|1	0.321431	7|4	0.396043	3|2	0.282526
chr19	58000000	58500000	P5_INV	1|1	0.563992	7|4	0.223807	3|2	0.212202
chr19	58500000	59000000	P5_DCIS	1|1	0.321431	4|4	0.396043	2|2	0.282526
chr19	58500000	59000000	P5_INV	1|1	0.563992	4|4	0.223807	2|2	0.212202
chr19	59000000	59128983	P5_DCIS	1|1	0.321431	4|4	0.396043	4|3	0.282526
chr19	59000000	59128983	P5_INV	1|1	0.563992	4|4	0.223807	4|3	0.212202
chr2	1	500000	P5_DCIS	1|1	0.321431	3|2	0.396043	3|2	0.282526
chr2	1	500000	P5_INV	1|1	0.563992	3|2	0.223807	3|2	0.212202
chr2	750000	1000000	P5_DCIS	1|1	0.321431	2|2	0.396043	5|2	0.282526
chr2	750000	1000000	P5_INV	1|1	0.563992	2|2	0.223807	5|2	0.212202
chr2	1000000	1250000	P5_DCIS	1|1	0.321431	2|2	0.396043	2|2	0.282526
chr2	1000000	1250000	P5_INV	1|1	0.563992	2|2	0.223807	2|2	0.212202
chr2	1250000	2000000	P5_DCIS	1|1	0.321431	3|2	0.396043	3|2	0.282526
chr2	1250000	2000000	P5_INV	1|1	0.563992	3|2	0.223807	3|2	0.212202
chr2	3000000	3750000	P5_DCIS	1|1	0.321431	3|2	0.396043	3|2	0.282526
chr2	3000000	3750000	P5_INV	1|1	0.563992	3|2	0.223807	3|2	0.212202
chr2	4500000	4750000	P5_DCIS	1|1	0.321431	2|2	0.396043	3|0	0.282526
chr2	4500000	4750000	P5_INV	1|1	0.563992	2|2	0.223807	3|0	0.212202
chr2	6500000	6750000	P5_DCIS	1|1	0.321431	2|2	0.396043	3|0	0.282526
chr2	6500000	6750000	P5_INV	1|1	0.563992	2|2	0.223807	3|0	0.212202
chr2	7000000	7250000	P5_DCIS	1|1	0.321431	3|2	0.396043	3|2	0.282526
chr2	7000000	7250000	P5_INV	1|1	0.563992	3|2	0.223807	3|2	0.212202
chr2	8250000	8500000	P5_DCIS	1|1	0.321431	3|2	0.396043	3|2	0.282526
chr2	8250000	8500000	P5_INV	1|1	0.563992	3|2	0.223807	3|2	0.212202
chr2	8750000	9000000	P5_DCIS	1|1	0.321431	3|2	0.396043	3|2	0.282526
chr2	8750000	9000000	P5_INV	1|1	0.563992	3|2	0.223807	3|2	0.212202
chr2	9750000	11500000	P5_DCIS	1|1	0.321431	3|2	0.396043	3|2	0.282526
chr2	9750000	11500000	P5_INV	1|1	0.563992	3|2	0.223807	3|2	0.212202
chr2	11750000	12000000	P5_DCIS	1|1	0.321431	3|2	0.396043	3|2	0.282526
chr2	11750000	12000000	P5_INV	1|1	0.563992	3|2	0.223807	3|2	0.212202
chr2	12000000	12250000	P5_DCIS	1|1	0.321431	2|2	0.396043	2|2	0.282526
chr2	12000000	12250000	P5_INV	1|1	0.563992	2|2	0.223807	2|2	0.212202
chr2	12750000	13000000	P5_DCIS	1|1	0.321431	3|2	0.396043	3|2	0.282526
chr2	12750000	13000000	P5_INV	1|1	0.563992	3|2	0.223807	3|2	0.212202
chr2	14000000	14250000	P5_DCIS	1|1	0.321431	2|2	0.396043	2|2	0.282526
chr2	14000000	14250000	P5_INV	1|1	0.563992	2|2	0.223807	2|2	0.212202
chr2	15250000	15750000	P5_DCIS	1|1	0.321431	3|2	0.396043	3|2	0.282526
chr2	15250000	15750000	P5_INV	1|1	0.563992	3|2	0.223807	3|2	0.212202
chr2	15750000	16000000	P5_DCIS	1|1	0.321431	2|2	0.396043	2|2	0.282526
chr2	15750000	16000000	P5_INV	1|1	0.563992	2|2	0.223807	2|2	0.212202
chr2	16500000	16750000	P5_DCIS	1|1	0.321431	2|2	0.396043	2|2	0.282526
chr2	16500000	16750000	P5_INV	1|1	0.563992	2|2	0.223807	2|2	0.212202
chr2	17000000	17250000	P5_DCIS	1|1	0.321431	3|1	0.396043	3|1	0.282526
chr2	17000000	17250000	P5_INV	1|1	0.563992	3|1	0.223807	3|1	0.212202
chr2	17750000	18000000	P5_DCIS	1|1	0.321431	5|2	0.396043	2|2	0.282526
chr2	17750000	18000000	P5_INV	1|1	0.563992	5|2	0.223807	2|2	0.212202
chr2	18000000	18250000	P5_DCIS	1|1	0.321431	3|2	0.396043	3|2	0.282526
chr2	18000000	18250000	P5_INV	1|1	0.563992	3|2	0.223807	3|2	0.212202
chr2	18750000	19000000	P5_DCIS	1|1	0.321431	3|2	0.396043	3|2	0.282526
chr2	18750000	19000000	P5_INV	1|1	0.563992	3|2	0.223807	3|2	0.212202
chr2	20000000	21000000	P5_DCIS	1|1	0.321431	4|4	0.396043	2|2	0.282526
chr2	20000000	21000000	P5_INV	1|1	0.563992	4|4	0.223807	2|2	0.212202
chr2	21000000	21250000	P5_DCIS	1|1	0.321431	2|2	0.396043	2|2	0.282526
chr2	21000000	21250000	P5_INV	1|1	0.563992	2|2	0.223807	2|2	0.212202
chr2	23500000	23750000	P5_DCIS	1|1	0.321431	3|1	0.396043	3|1	0.282526
chr2	23500000	23750000	P5_INV	1|1	0.563992	3|1	0.223807	3|1	0.212202
chr2	24000000	24250000	P5_DCIS	1|1	0.321431	2|2	0.396043	6|1	0.282526
chr2	24000000	24250000	P5_INV	1|1	0.563992	2|2	0.223807	6|1	0.212202
chr2	24250000	24750000	P5_DCIS	1|1	0.321431	3|2	0.396043	3|2	0.282526
chr2	24250000	24750000	P5_INV	1|1	0.563992	3|2	0.223807	3|2	0.212202
chr2	25000000	25250000	P5_DCIS	1|1	0.321431	4|4	0.396043	2|2	0.282526
chr2	25000000	25250000	P5_INV	1|1	0.563992	4|4	0.223807	2|2	0.212202
chr2	25250000	25500000	P5_DCIS	1|1	0.321431	5|2	0.396043	2|2	0.282526
chr2	25250000	25500000	P5_INV	1|1	0.563992	5|2	0.223807	2|2	0.212202
chr2	25500000	27750000	P5_DCIS	1|1	0.321431	3|2	0.396043	3|2	0.282526
chr2	25500000	27750000	P5_INV	1|1	0.563992	3|2	0.223807	3|2	0.212202
chr2	28000000	28250000	P5_DCIS	1|1	0.321431	3|2	0.396043	3|2	0.282526
chr2	28000000	28250000	P5_INV	1|1	0.563992	3|2	0.223807	3|2	0.212202
chr2	28500000	29500000	P5_DCIS	1|1	0.321431	3|2	0.396043	3|2	0.282526
chr2	28500000	29500000	P5_INV	1|1	0.563992	3|2	0.223807	3|2	0.212202
chr2	29500000	29750000	P5_DCIS	1|1	0.321431	2|1	0.396043	2|1	0.282526
chr2	29500000	29750000	P5_INV	1|1	0.563992	2|1	0.223807	2|1	0.212202
chr2	30500000	30750000	P5_DCIS	1|1	0.321431	5|2	0.396043	2|2	0.282526
chr2	30500000	30750000	P5_INV	1|1	0.563992	5|2	0.223807	2|2	0.212202
chr2	30750000	32000000	P5_DCIS	1|1	0.321431	3|2	0.396043	3|2	0.282526
chr2	30750000	32000000	P5_INV	1|1	0.563992	3|2	0.223807	3|2	0.212202
chr2	32250000	33000000	P5_DCIS	1|1	0.321431	4|4	0.396043	2|2	0.282526
chr2	32250000	33000000	P5_INV	1|1	0.563992	4|4	0.223807	2|2	0.212202
chr2	33000000	33250000	P5_DCIS	1|1	0.321431	2|2	0.396043	6|1	0.282526
chr2	33000000	33250000	P5_INV	1|1	0.563992	2|2	0.223807	6|1	0.212202
chr2	33250000	33500000	P5_DCIS	1|1	0.321431	3|2	0.396043	3|2	0.282526
chr2	33250000	33500000	P5_INV	1|1	0.563992	3|2	0.223807	3|2	0.212202
chr2	33500000	34000000	P5_DCIS	1|1	0.321431	4|4	0.396043	2|2	0.282526
chr2	33500000	34000000	P5_INV	1|1	0.563992	4|4	0.223807	2|2	0.212202
chr2	34000000	34250000	P5_DCIS	1|1	0.321431	2|2	0.396043	2|2	0.282526
chr2	34000000	34250000	P5_INV	1|1	0.563992	2|2	0.223807	2|2	0.212202
chr2	36500000	37000000	P5_DCIS	1|1	0.321431	4|4	0.396043	2|2	0.282526
chr2	36500000	37000000	P5_INV	1|1	0.563992	4|4	0.223807	2|2	0.212202
chr2	37000000	37250000	P5_DCIS	1|1	0.321431	7|4	0.396043	3|2	0.282526
chr2	37000000	37250000	P5_INV	1|1	0.563992	7|4	0.223807	3|2	0.212202
chr2	37250000	38500000	P5_DCIS	1|1	0.321431	4|4	0.396043	2|2	0.282526
chr2	37250000	38500000	P5_INV	1|1	0.563992	4|4	0.223807	2|2	0.212202
chr2	38500000	38750000	P5_DCIS	1|1	0.321431	7|4	0.396043	3|2	0.282526
chr2	38500000	38750000	P5_INV	1|1	0.563992	7|4	0.223807	3|2	0.212202
chr2	38750000	39000000	P5_DCIS	1|1	0.321431	4|4	0.396043	2|2	0.282526
chr2	38750000	39000000	P5_INV	1|1	0.563992	4|4	0.223807	2|2	0.212202
chr2	39000000	39750000	P5_DCIS	1|1	0.321431	3|2	0.396043	3|2	0.282526
chr2	39000000	39750000	P5_INV	1|1	0.563992	3|2	0.223807	3|2	0.212202
chr2	39750000	40000000	P5_DCIS	1|1	0.321431	2|2	0.396043	2|2	0.282526
chr2	39750000	40000000	P5_INV	1|1	0.563992	2|2	0.223807	2|2	0.212202
chr2	40250000	40500000	P5_DCIS	1|1	0.321431	2|2	0.396043	2|2	0.282526
chr2	40250000	40500000	P5_INV	1|1	0.563992	2|2	0.223807	2|2	0.212202
chr2	41250000	41500000	P5_DCIS	1|1	0.321431	3|2	0.396043	3|2	0.282526
chr2	41250000	41500000	P5_INV	1|1	0.563992	3|2	0.223807	3|2	0.212202
chr2	42000000	43250000	P5_DCIS	1|1	0.321431	3|2	0.396043	3|2	0.282526
chr2	42000000	43250000	P5_INV	1|1	0.563992	3|2	0.223807	3|2	0.212202
chr2	43250000	43500000	P5_DCIS	1|1	0.321431	5|2	0.396043	4|2	0.282526
chr2	43250000	43500000	P5_INV	1|1	0.563992	5|2	0.223807	4|2	0.212202
chr2	43750000	44250000	P5_DCIS	1|1	0.321431	3|2	0.396043	3|2	0.282526
chr2	43750000	44250000	P5_INV	1|1	0.563992	3|2	0.223807	3|2	0.212202
chr2	44500000	44750000	P5_DCIS	1|1	0.321431	3|1	0.396043	3|1	0.282526
chr2	44500000	44750000	P5_INV	1|1	0.563992	3|1	0.223807	3|1	0.212202
chr2	45000000	45250000	P5_DCIS	1|1	0.321431	2|2	0.396043	2|2	0.282526
chr2	45000000	45250000	P5_INV	1|1	0.563992	2|2	0.223807	2|2	0.212202
chr2	46250000	46750000	P5_DCIS	1|1	0.321431	2|2	0.396043	6|1	0.282526
chr2	46250000	46750000	P5_INV	1|1	0.563992	2|2	0.223807	6|1	0.212202
chr2	46750000	47000000	P5_DCIS	1|1	0.321431	3|2	0.396043	3|2	0.282526
chr2	46750000	47000000	P5_INV	1|1	0.563992	3|2	0.223807	3|2	0.212202
chr2	47250000	47500000	P5_DCIS	1|1	0.321431	3|2	0.396043	3|2	0.282526
chr2	47250000	47500000	P5_INV	1|1	0.563992	3|2	0.223807	3|2	0.212202
chr2	47500000	47750000	P5_DCIS	1|1	0.321431	4|4	0.396043	2|2	0.282526
chr2	47500000	47750000	P5_INV	1|1	0.563992	4|4	0.223807	2|2	0.212202
chr2	48000000	48250000	P5_DCIS	1|1	0.321431	3|2	0.396043	3|2	0.282526
chr2	48000000	48250000	P5_INV	1|1	0.563992	3|2	0.223807	3|2	0.212202
chr2	48500000	49000000	P5_DCIS	1|1	0.321431	3|2	0.396043	3|2	0.282526
chr2	48500000	49000000	P5_INV	1|1	0.563992	3|2	0.223807	3|2	0.212202
chr2	49000000	49500000	P5_DCIS	1|1	0.321431	2|2	0.396043	2|2	0.282526
chr2	49000000	49500000	P5_INV	1|1	0.563992	2|2	0.223807	2|2	0.212202
chr2	50250000	50500000	P5_DCIS	1|1	0.321431	2|2	0.396043	3|0	0.282526
chr2	50250000	50500000	P5_INV	1|1	0.563992	2|2	0.223807	3|0	0.212202
chr2	50500000	50750000	P5_DCIS	1|1	0.321431	3|1	0.396043	3|1	0.282526
chr2	50500000	50750000	P5_INV	1|1	0.563992	3|1	0.223807	3|1	0.212202
chr2	50750000	51000000	P5_DCIS	1|1	0.321431	3|2	0.396043	3|2	0.282526
chr2	50750000	51000000	P5_INV	1|1	0.563992	3|2	0.223807	3|2	0.212202
chr2	51500000	51750000	P5_DCIS	1|1	0.321431	2|2	0.396043	2|2	0.282526
chr2	51500000	51750000	P5_INV	1|1	0.563992	2|2	0.223807	2|2	0.212202
chr2	52750000	53000000	P5_DCIS	1|1	0.321431	3|2	0.396043	3|2	0.282526
chr2	52750000	53000000	P5_INV	1|1	0.563992	3|2	0.223807	3|2	0.212202
chr2	53750000	54500000	P5_DCIS	1|1	0.321431	3|2	0.396043	3|2	0.282526
chr2	53750000	54500000	P5_INV	1|1	0.563992	3|2	0.223807	3|2	0.212202
chr2	54750000	56000000	P5_DCIS	1|1	0.321431	3|2	0.396043	3|2	0.282526
chr2	54750000	56000000	P5_INV	1|1	0.563992	3|2	0.223807	3|2	0.212202
chr2	56000000	56250000	P5_DCIS	1|1	0.321431	2|2	0.396043	3|0	0.282526
chr2	56000000	56250000	P5_INV	1|1	0.563992	2|2	0.223807	3|0	0.212202
chr2	56250000	56500000	P5_DCIS	1|1	0.321431	2|2	0.396043	2|2	0.282526
chr2	56250000	56500000	P5_INV	1|1	0.563992	2|2	0.223807	2|2	0.212202
chr2	56500000	57000000	P5_DCIS	1|1	0.321431	3|2	0.396043	3|2	0.282526
chr2	56500000	57000000	P5_INV	1|1	0.563992	3|2	0.223807	3|2	0.212202
chr2	57250000	57500000	P5_DCIS	1|1	0.321431	2|2	0.396043	2|2	0.282526
chr2	57250000	57500000	P5_INV	1|1	0.563992	2|2	0.223807	2|2	0.212202
chr2	57750000	58000000	P5_DCIS	1|1	0.321431	3|1	0.396043	3|1	0.282526
chr2	57750000	58000000	P5_INV	1|1	0.563992	3|1	0.223807	3|1	0.212202
chr2	58500000	58750000	P5_DCIS	1|1	0.321431	2|2	0.396043	3|0	0.282526
chr2	58500000	58750000	P5_INV	1|1	0.563992	2|2	0.223807	3|0	0.212202
chr2	58750000	59000000	P5_DCIS	1|1	0.321431	4|4	0.396043	2|2	0.282526
chr2	58750000	59000000	P5_INV	1|1	0.563992	4|4	0.223807	2|2	0.212202
chr2	60750000	61000000	P5_DCIS	1|1	0.321431	9|3	0.396043	10|2	0.282526
chr2	60750000	61000000	P5_INV	1|1	0.563992	9|3	0.223807	10|2	0.212202
chr2	61000000	61750000	P5_DCIS	1|1	0.321431	7|4	0.396043	3|2	0.282526
chr2	61000000	61750000	P5_INV	1|1	0.563992	7|4	0.223807	3|2	0.212202
chr2	61750000	62000000	P5_DCIS	1|1	0.321431	9|2	0.396043	2|4	0.282526
chr2	61750000	62000000	P5_INV	1|1	0.563992	9|2	0.223807	2|4	0.212202
chr2	66000000	66250000	P5_DCIS	1|1	0.321431	5|0	0.396043	8|2	0.282526
chr2	66000000	66250000	P5_INV	1|1	0.563992	5|0	0.223807	8|2	0.212202
chr2	66500000	66750000	P5_DCIS	1|1	0.321431	7|4	0.396043	3|2	0.282526
chr2	66500000	66750000	P5_INV	1|1	0.563992	7|4	0.223807	3|2	0.212202
chr2	66750000	67000000	P5_DCIS	1|1	0.321431	3|2	0.396043	3|2	0.282526
chr2	66750000	67000000	P5_INV	1|1	0.563992	3|2	0.223807	3|2	0.212202
chr2	68250000	68500000	P5_DCIS	1|1	0.321431	4|4	0.396043	2|2	0.282526
chr2	68250000	68500000	P5_INV	1|1	0.563992	4|4	0.223807	2|2	0.212202
chr2	68500000	68750000	P5_DCIS	1|1	0.321431	3|2	0.396043	3|2	0.282526
chr2	68500000	68750000	P5_INV	1|1	0.563992	3|2	0.223807	3|2	0.212202
chr2	68750000	69750000	P5_DCIS	1|1	0.321431	4|4	0.396043	2|2	0.282526
chr2	68750000	69750000	P5_INV	1|1	0.563992	4|4	0.223807	2|2	0.212202
chr2	69750000	70000000	P5_DCIS	1|1	0.321431	3|2	0.396043	3|2	0.282526
chr2	69750000	70000000	P5_INV	1|1	0.563992	3|2	0.223807	3|2	0.212202
chr2	70000000	70750000	P5_DCIS	1|1	0.321431	4|4	0.396043	2|2	0.282526
chr2	70000000	70750000	P5_INV	1|1	0.563992	4|4	0.223807	2|2	0.212202
chr2	71250000	71500000	P5_DCIS	1|1	0.321431	4|4	0.396043	2|2	0.282526
chr2	71250000	71500000	P5_INV	1|1	0.563992	4|4	0.223807	2|2	0.212202
chr2	71500000	71750000	P5_DCIS	1|1	0.321431	3|2	0.396043	3|2	0.282526
chr2	71500000	71750000	P5_INV	1|1	0.563992	3|2	0.223807	3|2	0.212202
chr2	71750000	72250000	P5_DCIS	1|1	0.321431	4|4	0.396043	2|2	0.282526
chr2	71750000	72250000	P5_INV	1|1	0.563992	4|4	0.223807	2|2	0.212202
chr2	72500000	72750000	P5_DCIS	1|1	0.321431	5|2	0.396043	2|2	0.282526
chr2	72500000	72750000	P5_INV	1|1	0.563992	5|2	0.223807	2|2	0.212202
chr2	73000000	73250000	P5_DCIS	1|1	0.321431	3|2	0.396043	3|2	0.282526
chr2	73000000	73250000	P5_INV	1|1	0.563992	3|2	0.223807	3|2	0.212202
chr2	73250000	73500000	P5_DCIS	1|1	0.321431	2|2	0.396043	6|1	0.282526
chr2	73250000	73500000	P5_INV	1|1	0.563992	2|2	0.223807	6|1	0.212202
chr2	73500000	75500000	P5_DCIS	1|1	0.321431	4|4	0.396043	2|2	0.282526
chr2	73500000	75500000	P5_INV	1|1	0.563992	4|4	0.223807	2|2	0.212202
chr2	75750000	76000000	P5_DCIS	1|1	0.321431	4|4	0.396043	2|2	0.282526
chr2	75750000	76000000	P5_INV	1|1	0.563992	4|4	0.223807	2|2	0.212202
chr2	76250000	76500000	P5_DCIS	1|1	0.321431	3|2	0.396043	3|2	0.282526
chr2	76250000	76500000	P5_INV	1|1	0.563992	3|2	0.223807	3|2	0.212202
chr2	77500000	77750000	P5_DCIS	1|1	0.321431	3|2	0.396043	3|2	0.282526
chr2	77500000	77750000	P5_INV	1|1	0.563992	3|2	0.223807	3|2	0.212202
chr2	78500000	78750000	P5_DCIS	1|1	0.321431	3|1	0.396043	3|1	0.282526
chr2	78500000	78750000	P5_INV	1|1	0.563992	3|1	0.223807	3|1	0.212202
chr2	79250000	79500000	P5_DCIS	1|1	0.321431	2|2	0.396043	2|2	0.282526
chr2	79250000	79500000	P5_INV	1|1	0.563992	2|2	0.223807	2|2	0.212202
chr2	80750000	81000000	P5_DCIS	1|1	0.321431	3|2	0.396043	3|2	0.282526
chr2	80750000	81000000	P5_INV	1|1	0.563992	3|2	0.223807	3|2	0.212202
chr2	83000000	83250000	P5_DCIS	1|1	0.321431	3|2	0.396043	3|2	0.282526
chr2	83000000	83250000	P5_INV	1|1	0.563992	3|2	0.223807	3|2	0.212202
chr2	83250000	83500000	P5_DCIS	1|1	0.321431	2|2	0.396043	2|2	0.282526
chr2	83250000	83500000	P5_INV	1|1	0.563992	2|2	0.223807	2|2	0.212202
chr2	84750000	85250000	P5_DCIS	1|1	0.321431	4|4	0.396043	2|2	0.282526
chr2	84750000	85250000	P5_INV	1|1	0.563992	4|4	0.223807	2|2	0.212202
chr2	85250000	85500000	P5_DCIS	1|1	0.321431	3|2	0.396043	3|2	0.282526
chr2	85250000	85500000	P5_INV	1|1	0.563992	3|2	0.223807	3|2	0.212202
chr2	85500000	86000000	P5_DCIS	1|1	0.321431	4|4	0.396043	2|2	0.282526
chr2	85500000	86000000	P5_INV	1|1	0.563992	4|4	0.223807	2|2	0.212202
chr2	86250000	86750000	P5_DCIS	1|1	0.321431	4|4	0.396043	2|2	0.282526
chr2	86250000	86750000	P5_INV	1|1	0.563992	4|4	0.223807	2|2	0.212202
chr2	86750000	87000000	P5_DCIS	1|1	0.321431	3|2	0.396043	3|2	0.282526
chr2	86750000	87000000	P5_INV	1|1	0.563992	3|2	0.223807	3|2	0.212202
chr2	87000000	87500000	P5_DCIS	1|1	0.321431	4|4	0.396043	2|2	0.282526
chr2	87000000	87500000	P5_INV	1|1	0.563992	4|4	0.223807	2|2	0.212202
chr2	87500000	88000000	P5_DCIS	1|1	0.321431	4|4	0.396043	4|3	0.282526
chr2	87500000	88000000	P5_INV	1|1	0.563992	4|4	0.223807	4|3	0.212202
chr2	88000000	88500000	P5_DCIS	1|1	0.321431	4|4	0.396043	2|2	0.282526
chr2	88000000	88500000	P5_INV	1|1	0.563992	4|4	0.223807	2|2	0.212202
chr2	88750000	89000000	P5_DCIS	1|1	0.321431	4|4	0.396043	2|2	0.282526
chr2	88750000	89000000	P5_INV	1|1	0.563992	4|4	0.223807	2|2	0.212202
chr2	89000000	89500000	P5_DCIS	1|1	0.321431	3|2	0.396043	3|2	0.282526
chr2	89000000	89500000	P5_INV	1|1	0.563992	3|2	0.223807	3|2	0.212202
chr2	89500000	89750000	P5_DCIS	1|1	0.321431	4|4	0.396043	4|3	0.282526
chr2	89500000	89750000	P5_INV	1|1	0.563992	4|4	0.223807	4|3	0.212202
chr2	89750000	90000000	P5_DCIS	1|1	0.321431	5|2	0.396043	4|2	0.282526
chr2	89750000	90000000	P5_INV	1|1	0.563992	5|2	0.223807	4|2	0.212202
chr2	90000000	90500000	P5_DCIS	1|1	0.321431	3|2	0.396043	3|2	0.282526
chr2	90000000	90500000	P5_INV	1|1	0.563992	3|2	0.223807	3|2	0.212202
chr2	91500000	91750000	P5_DCIS	1|1	0.321431	2|2	0.396043	2|2	0.282526
chr2	91500000	91750000	P5_INV	1|1	0.563992	2|2	0.223807	2|2	0.212202
chr2	91750000	92250000	P5_DCIS	1|1	0.321431	3|2	0.396043	3|2	0.282526
chr2	91750000	92250000	P5_INV	1|1	0.563992	3|2	0.223807	3|2	0.212202
chr2	92250000	92500000	P5_DCIS	1|1	0.321431	2|2	0.396043	6|2	0.282526
chr2	92250000	92500000	P5_INV	1|1	0.563992	2|2	0.223807	6|2	0.212202
chr2	95750000	96000000	P5_DCIS	1|1	0.321431	3|2	0.396043	3|2	0.282526
chr2	95750000	96000000	P5_INV	1|1	0.563992	3|2	0.223807	3|2	0.212202
chr2	96000000	96500000	P5_DCIS	1|1	0.321431	4|4	0.396043	2|2	0.282526
chr2	96000000	96500000	P5_INV	1|1	0.563992	4|4	0.223807	2|2	0.212202
chr2	96500000	96750000	P5_DCIS	1|1	0.321431	3|2	0.396043	3|2	0.282526
chr2	96500000	96750000	P5_INV	1|1	0.563992	3|2	0.223807	3|2	0.212202
chr2	96750000	97250000	P5_DCIS	1|1	0.321431	4|4	0.396043	2|2	0.282526
chr2	96750000	97250000	P5_INV	1|1	0.563992	4|4	0.223807	2|2	0.212202
chr2	97250000	97500000	P5_DCIS	1|1	0.321431	2|2	0.396043	6|1	0.282526
chr2	97250000	97500000	P5_INV	1|1	0.563992	2|2	0.223807	6|1	0.212202
chr2	97500000	97750000	P5_DCIS	1|1	0.321431	4|4	0.396043	4|3	0.282526
chr2	97500000	97750000	P5_INV	1|1	0.563992	4|4	0.223807	4|3	0.212202
chr2	97750000	98250000	P5_DCIS	1|1	0.321431	3|2	0.396043	3|2	0.282526
chr2	97750000	98250000	P5_INV	1|1	0.563992	3|2	0.223807	3|2	0.212202
chr2	98250000	99500000	P5_DCIS	1|1	0.321431	4|4	0.396043	2|2	0.282526
chr2	98250000	99500000	P5_INV	1|1	0.563992	4|4	0.223807	2|2	0.212202
chr2	99750000	100500000	P5_DCIS	1|1	0.321431	4|4	0.396043	2|2	0.282526
chr2	99750000	100500000	P5_INV	1|1	0.563992	4|4	0.223807	2|2	0.212202
chr2	100750000	101000000	P5_DCIS	1|1	0.321431	4|4	0.396043	2|2	0.282526
chr2	100750000	101000000	P5_INV	1|1	0.563992	4|4	0.223807	2|2	0.212202
chr2	101000000	101250000	P5_DCIS	1|1	0.321431	7|4	0.396043	3|2	0.282526
chr2	101000000	101250000	P5_INV	1|1	0.563992	7|4	0.223807	3|2	0.212202
chr2	101250000	101500000	P5_DCIS	1|1	0.321431	3|2	0.396043	3|2	0.282526
chr2	101250000	101500000	P5_INV	1|1	0.563992	3|2	0.223807	3|2	0.212202
chr2	101500000	102250000	P5_DCIS	1|1	0.321431	4|4	0.396043	2|2	0.282526
chr2	101500000	102250000	P5_INV	1|1	0.563992	4|4	0.223807	2|2	0.212202
chr2	102250000	102500000	P5_DCIS	1|1	0.321431	7|4	0.396043	3|2	0.282526
chr2	102250000	102500000	P5_INV	1|1	0.563992	7|4	0.223807	3|2	0.212202
chr2	102500000	103000000	P5_DCIS	1|1	0.321431	4|4	0.396043	2|2	0.282526
chr2	102500000	103000000	P5_INV	1|1	0.563992	4|4	0.223807	2|2	0.212202
chr2	103000000	103250000	P5_DCIS	1|1	0.321431	3|2	0.396043	3|2	0.282526
chr2	103000000	103250000	P5_INV	1|1	0.563992	3|2	0.223807	3|2	0.212202
chr2	103250000	103500000	P5_DCIS	1|1	0.321431	7|4	0.396043	3|2	0.282526
chr2	103250000	103500000	P5_INV	1|1	0.563992	7|4	0.223807	3|2	0.212202
chr2	104000000	104250000	P5_DCIS	1|1	0.321431	2|2	0.396043	2|2	0.282526
chr2	104000000	104250000	P5_INV	1|1	0.563992	2|2	0.223807	2|2	0.212202
chr2	105250000	105500000	P5_DCIS	1|1	0.321431	3|2	0.396043	3|2	0.282526
chr2	105250000	105500000	P5_INV	1|1	0.563992	3|2	0.223807	3|2	0.212202
chr2	105500000	105750000	P5_DCIS	1|1	0.321431	2|2	0.396043	2|2	0.282526
chr2	105500000	105750000	P5_INV	1|1	0.563992	2|2	0.223807	2|2	0.212202
chr2	105750000	106000000	P5_DCIS	1|1	0.321431	3|2	0.396043	3|2	0.282526
chr2	105750000	106000000	P5_INV	1|1	0.563992	3|2	0.223807	3|2	0.212202
chr2	106500000	107750000	P5_DCIS	1|1	0.321431	3|2	0.396043	3|2	0.282526
chr2	106500000	107750000	P5_INV	1|1	0.563992	3|2	0.223807	3|2	0.212202
chr2	108250000	108750000	P5_DCIS	1|1	0.321431	2|2	0.396043	2|2	0.282526
chr2	108250000	108750000	P5_INV	1|1	0.563992	2|2	0.223807	2|2	0.212202
chr2	109000000	109750000	P5_DCIS	1|1	0.321431	3|2	0.396043	3|2	0.282526
chr2	109000000	109750000	P5_INV	1|1	0.563992	3|2	0.223807	3|2	0.212202
chr2	110000000	110500000	P5_DCIS	1|1	0.321431	3|2	0.396043	3|2	0.282526
chr2	110000000	110500000	P5_INV	1|1	0.563992	3|2	0.223807	3|2	0.212202
chr2	110500000	110750000	P5_DCIS	1|1	0.321431	2|2	0.396043	6|2	0.282526
chr2	110500000	110750000	P5_INV	1|1	0.563992	2|2	0.223807	6|2	0.212202
chr2	111250000	112000000	P5_DCIS	1|1	0.321431	3|2	0.396043	3|2	0.282526
chr2	111250000	112000000	P5_INV	1|1	0.563992	3|2	0.223807	3|2	0.212202
chr2	112000000	112250000	P5_DCIS	1|1	0.321431	5|2	0.396043	4|2	0.282526
chr2	112000000	112250000	P5_INV	1|1	0.563992	5|2	0.223807	4|2	0.212202
chr2	112500000	112750000	P5_DCIS	1|1	0.321431	8|2	0.396043	2|2	0.282526
chr2	112500000	112750000	P5_INV	1|1	0.563992	8|2	0.223807	2|2	0.212202
chr2	112750000	114000000	P5_DCIS	1|1	0.321431	3|2	0.396043	3|2	0.282526
chr2	112750000	114000000	P5_INV	1|1	0.563992	3|2	0.223807	3|2	0.212202
chr2	114000000	114250000	P5_DCIS	1|1	0.321431	5|2	0.396043	4|2	0.282526
chr2	114000000	114250000	P5_INV	1|1	0.563992	5|2	0.223807	4|2	0.212202
chr2	114250000	114750000	P5_DCIS	1|1	0.321431	3|2	0.396043	3|2	0.282526
chr2	114250000	114750000	P5_INV	1|1	0.563992	3|2	0.223807	3|2	0.212202
chr2	116250000	116750000	P5_DCIS	1|1	0.321431	2|2	0.396043	2|2	0.282526
chr2	116250000	116750000	P5_INV	1|1	0.563992	2|2	0.223807	2|2	0.212202
chr2	118500000	119000000	P5_DCIS	1|1	0.321431	2|2	0.396043	2|2	0.282526
chr2	118500000	119000000	P5_INV	1|1	0.563992	2|2	0.223807	2|2	0.212202
chr2	119500000	119750000	P5_DCIS	1|1	0.321431	2|2	0.396043	2|2	0.282526
chr2	119500000	119750000	P5_INV	1|1	0.563992	2|2	0.223807	2|2	0.212202
chr2	120250000	120500000	P5_DCIS	1|1	0.321431	4|4	0.396043	2|2	0.282526
chr2	120250000	120500000	P5_INV	1|1	0.563992	4|4	0.223807	2|2	0.212202
chr2	120500000	121250000	P5_DCIS	1|1	0.321431	3|2	0.396043	3|2	0.282526
chr2	120500000	121250000	P5_INV	1|1	0.563992	3|2	0.223807	3|2	0.212202
chr2	121500000	122500000	P5_DCIS	1|1	0.321431	3|2	0.396043	3|2	0.282526
chr2	121500000	122500000	P5_INV	1|1	0.563992	3|2	0.223807	3|2	0.212202
chr2	124250000	124500000	P5_DCIS	1|1	0.321431	3|1	0.396043	3|1	0.282526
chr2	124250000	124500000	P5_INV	1|1	0.563992	3|1	0.223807	3|1	0.212202
chr2	124750000	125000000	P5_DCIS	1|1	0.321431	2|1	0.396043	2|1	0.282526
chr2	124750000	125000000	P5_INV	1|1	0.563992	2|1	0.223807	2|1	0.212202
chr2	125000000	125250000	P5_DCIS	1|1	0.321431	2|2	0.396043	2|2	0.282526
chr2	125000000	125250000	P5_INV	1|1	0.563992	2|2	0.223807	2|2	0.212202
chr2	125250000	125500000	P5_DCIS	1|1	0.321431	3|2	0.396043	3|2	0.282526
chr2	125250000	125500000	P5_INV	1|1	0.563992	3|2	0.223807	3|2	0.212202
chr2	125500000	125750000	P5_DCIS	1|1	0.321431	2|2	0.396043	2|2	0.282526
chr2	125500000	125750000	P5_INV	1|1	0.563992	2|2	0.223807	2|2	0.212202
chr2	127750000	129000000	P5_DCIS	1|1	0.321431	3|2	0.396043	3|2	0.282526
chr2	127750000	129000000	P5_INV	1|1	0.563992	3|2	0.223807	3|2	0.212202
chr2	129250000	129500000	P5_DCIS	1|1	0.321431	2|2	0.396043	2|2	0.282526
chr2	129250000	129500000	P5_INV	1|1	0.563992	2|2	0.223807	2|2	0.212202
chr2	130250000	130500000	P5_DCIS	1|1	0.321431	2|2	0.396043	2|2	0.282526
chr2	130250000	130500000	P5_INV	1|1	0.563992	2|2	0.223807	2|2	0.212202
chr2	130500000	130750000	P5_DCIS	1|1	0.321431	5|1	0.396043	3|1	0.282526
chr2	130500000	130750000	P5_INV	1|1	0.563992	5|1	0.223807	3|1	0.212202
chr2	130750000	131250000	P5_DCIS	1|1	0.321431	3|2	0.396043	3|2	0.282526
chr2	130750000	131250000	P5_INV	1|1	0.563992	3|2	0.223807	3|2	0.212202
chr2	131250000	131500000	P5_DCIS	1|1	0.321431	4|4	0.396043	4|3	0.282526
chr2	131250000	131500000	P5_INV	1|1	0.563992	4|4	0.223807	4|3	0.212202
chr2	131500000	132000000	P5_DCIS	1|1	0.321431	3|1	0.396043	3|1	0.282526
chr2	131500000	132000000	P5_INV	1|1	0.563992	3|1	0.223807	3|1	0.212202
chr2	132000000	132250000	P5_DCIS	1|1	0.321431	2|1	0.396043	5|0	0.282526
chr2	132000000	132250000	P5_INV	1|1	0.563992	2|1	0.223807	5|0	0.212202
chr2	132250000	132500000	P5_DCIS	1|1	0.321431	2|1	0.396043	2|1	0.282526
chr2	132250000	132500000	P5_INV	1|1	0.563992	2|1	0.223807	2|1	0.212202
chr2	132500000	132750000	P5_DCIS	1|1	0.321431	3|2	0.396043	3|2	0.282526
chr2	132500000	132750000	P5_INV	1|1	0.563992	3|2	0.223807	3|2	0.212202
chr2	132750000	133000000	P5_DCIS	1|1	0.321431	2|2	0.396043	3|0	0.282526
chr2	132750000	133000000	P5_INV	1|1	0.563992	2|2	0.223807	3|0	0.212202
chr2	133000000	133250000	P5_DCIS	1|1	0.321431	3|2	0.396043	3|2	0.282526
chr2	133000000	133250000	P5_INV	1|1	0.563992	3|2	0.223807	3|2	0.212202
chr2	133250000	133750000	P5_DCIS	1|1	0.321431	2|1	0.396043	2|1	0.282526
chr2	133250000	133750000	P5_INV	1|1	0.563992	2|1	0.223807	2|1	0.212202
chr2	135000000	135250000	P5_DCIS	1|1	0.321431	2|2	0.396043	2|2	0.282526
chr2	135000000	135250000	P5_INV	1|1	0.563992	2|2	0.223807	2|2	0.212202
chr2	135250000	135750000	P5_DCIS	1|1	0.321431	4|4	0.396043	2|2	0.282526
chr2	135250000	135750000	P5_INV	1|1	0.563992	4|4	0.223807	2|2	0.212202
chr2	135750000	136000000	P5_DCIS	1|1	0.321431	2|2	0.396043	2|2	0.282526
chr2	135750000	136000000	P5_INV	1|1	0.563992	2|2	0.223807	2|2	0.212202
chr2	136000000	136250000	P5_DCIS	1|1	0.321431	3|2	0.396043	3|2	0.282526
chr2	136000000	136250000	P5_INV	1|1	0.563992	3|2	0.223807	3|2	0.212202
chr2	136250000	136500000	P5_DCIS	1|1	0.321431	4|4	0.396043	2|2	0.282526
chr2	136250000	136500000	P5_INV	1|1	0.563992	4|4	0.223807	2|2	0.212202
chr2	136500000	136750000	P5_DCIS	1|1	0.321431	3|2	0.396043	3|2	0.282526
chr2	136500000	136750000	P5_INV	1|1	0.563992	3|2	0.223807	3|2	0.212202
chr2	136750000	137250000	P5_DCIS	1|1	0.321431	4|4	0.396043	2|2	0.282526
chr2	136750000	137250000	P5_INV	1|1	0.563992	4|4	0.223807	2|2	0.212202
chr2	137750000	138750000	P5_DCIS	1|1	0.321431	3|2	0.396043	3|2	0.282526
chr2	137750000	138750000	P5_INV	1|1	0.563992	3|2	0.223807	3|2	0.212202
chr2	138750000	139250000	P5_DCIS	1|1	0.321431	2|2	0.396043	2|2	0.282526
chr2	138750000	139250000	P5_INV	1|1	0.563992	2|2	0.223807	2|2	0.212202
chr2	140750000	141000000	P5_DCIS	1|1	0.321431	2|1	0.396043	2|1	0.282526
chr2	140750000	141000000	P5_INV	1|1	0.563992	2|1	0.223807	2|1	0.212202
chr2	141000000	142000000	P5_DCIS	1|1	0.321431	2|2	0.396043	2|2	0.282526
chr2	141000000	142000000	P5_INV	1|1	0.563992	2|2	0.223807	2|2	0.212202
chr2	142000000	142250000	P5_DCIS	1|1	0.321431	3|2	0.396043	3|2	0.282526
chr2	142000000	142250000	P5_INV	1|1	0.563992	3|2	0.223807	3|2	0.212202
chr2	143750000	144000000	P5_DCIS	1|1	0.321431	4|4	0.396043	2|2	0.282526
chr2	143750000	144000000	P5_INV	1|1	0.563992	4|4	0.223807	2|2	0.212202
chr2	144000000	144250000	P5_DCIS	1|1	0.321431	2|2	0.396043	2|2	0.282526
chr2	144000000	144250000	P5_INV	1|1	0.563992	2|2	0.223807	2|2	0.212202
chr2	144500000	144750000	P5_DCIS	1|1	0.321431	2|2	0.396043	2|2	0.282526
chr2	144500000	144750000	P5_INV	1|1	0.563992	2|2	0.223807	2|2	0.212202
chr2	144750000	145000000	P5_DCIS	1|1	0.321431	3|2	0.396043	3|2	0.282526
chr2	144750000	145000000	P5_INV	1|1	0.563992	3|2	0.223807	3|2	0.212202
chr2	146500000	146750000	P5_DCIS	1|1	0.321431	2|2	0.396043	2|2	0.282526
chr2	146500000	146750000	P5_INV	1|1	0.563992	2|2	0.223807	2|2	0.212202
chr2	148500000	148750000	P5_DCIS	1|1	0.321431	2|2	0.396043	2|2	0.282526
chr2	148500000	148750000	P5_INV	1|1	0.563992	2|2	0.223807	2|2	0.212202
chr2	149000000	149250000	P5_DCIS	1|1	0.321431	3|2	0.396043	3|2	0.282526
chr2	149000000	149250000	P5_INV	1|1	0.563992	3|2	0.223807	3|2	0.212202
chr2	149500000	149750000	P5_DCIS	1|1	0.321431	2|2	0.396043	2|2	0.282526
chr2	149500000	149750000	P5_INV	1|1	0.563992	2|2	0.223807	2|2	0.212202
chr2	150000000	150500000	P5_DCIS	1|1	0.321431	3|2	0.396043	3|2	0.282526
chr2	150000000	150500000	P5_INV	1|1	0.563992	3|2	0.223807	3|2	0.212202
chr2	152000000	152500000	P5_DCIS	1|1	0.321431	3|2	0.396043	3|2	0.282526
chr2	152000000	152500000	P5_INV	1|1	0.563992	3|2	0.223807	3|2	0.212202
chr2	152500000	152750000	P5_DCIS	1|1	0.321431	2|2	0.396043	2|2	0.282526
chr2	152500000	152750000	P5_INV	1|1	0.563992	2|2	0.223807	2|2	0.212202
chr2	152750000	153000000	P5_DCIS	1|1	0.321431	4|4	0.396043	2|2	0.282526
chr2	152750000	153000000	P5_INV	1|1	0.563992	4|4	0.223807	2|2	0.212202
chr2	153250000	153750000	P5_DCIS	1|1	0.321431	2|2	0.396043	2|2	0.282526
chr2	153250000	153750000	P5_INV	1|1	0.563992	2|2	0.223807	2|2	0.212202
chr2	154250000	154750000	P5_DCIS	1|1	0.321431	3|2	0.396043	3|2	0.282526
chr2	154250000	154750000	P5_INV	1|1	0.563992	3|2	0.223807	3|2	0.212202
chr2	154750000	155000000	P5_DCIS	1|1	0.321431	2|2	0.396043	2|2	0.282526
chr2	154750000	155000000	P5_INV	1|1	0.563992	2|2	0.223807	2|2	0.212202
chr2	155250000	155500000	P5_DCIS	1|1	0.321431	2|2	0.396043	3|0	0.282526
chr2	155250000	155500000	P5_INV	1|1	0.563992	2|2	0.223807	3|0	0.212202
chr2	155500000	155750000	P5_DCIS	1|1	0.321431	4|4	0.396043	2|2	0.282526
chr2	155500000	155750000	P5_INV	1|1	0.563992	4|4	0.223807	2|2	0.212202
chr2	156000000	156250000	P5_DCIS	1|1	0.321431	3|2	0.396043	3|2	0.282526
chr2	156000000	156250000	P5_INV	1|1	0.563992	3|2	0.223807	3|2	0.212202
chr2	158000000	158500000	P5_DCIS	1|1	0.321431	2|2	0.396043	2|2	0.282526
chr2	158000000	158500000	P5_INV	1|1	0.563992	2|2	0.223807	2|2	0.212202
chr2	158750000	159000000	P5_DCIS	1|1	0.321431	2|2	0.396043	2|2	0.282526
chr2	158750000	159000000	P5_INV	1|1	0.563992	2|2	0.223807	2|2	0.212202
chr2	159000000	160250000	P5_DCIS	1|1	0.321431	3|2	0.396043	3|2	0.282526
chr2	159000000	160250000	P5_INV	1|1	0.563992	3|2	0.223807	3|2	0.212202
chr2	160250000	160500000	P5_DCIS	1|1	0.321431	2|2	0.396043	2|2	0.282526
chr2	160250000	160500000	P5_INV	1|1	0.563992	2|2	0.223807	2|2	0.212202
chr2	160500000	161250000	P5_DCIS	1|1	0.321431	3|2	0.396043	3|2	0.282526
chr2	160500000	161250000	P5_INV	1|1	0.563992	3|2	0.223807	3|2	0.212202
chr2	162000000	162250000	P5_DCIS	1|1	0.321431	2|1	0.396043	5|0	0.282526
chr2	162000000	162250000	P5_INV	1|1	0.563992	2|1	0.223807	5|0	0.212202
chr2	162250000	162500000	P5_DCIS	1|1	0.321431	2|2	0.396043	2|2	0.282526
chr2	162250000	162500000	P5_INV	1|1	0.563992	2|2	0.223807	2|2	0.212202
chr2	162750000	163000000	P5_DCIS	1|1	0.321431	2|2	0.396043	2|2	0.282526
chr2	162750000	163000000	P5_INV	1|1	0.563992	2|2	0.223807	2|2	0.212202
chr2	163000000	163500000	P5_DCIS	1|1	0.321431	3|2	0.396043	3|2	0.282526
chr2	163000000	163500000	P5_INV	1|1	0.563992	3|2	0.223807	3|2	0.212202
chr2	163500000	163750000	P5_DCIS	1|1	0.321431	2|2	0.396043	2|2	0.282526
chr2	163500000	163750000	P5_INV	1|1	0.563992	2|2	0.223807	2|2	0.212202
chr2	164250000	164500000	P5_DCIS	1|1	0.321431	2|2	0.396043	2|2	0.282526
chr2	164250000	164500000	P5_INV	1|1	0.563992	2|2	0.223807	2|2	0.212202
chr2	165250000	165500000	P5_DCIS	1|1	0.321431	2|2	0.396043	2|2	0.282526
chr2	165250000	165500000	P5_INV	1|1	0.563992	2|2	0.223807	2|2	0.212202
chr2	165750000	166250000	P5_DCIS	1|1	0.321431	2|2	0.396043	2|2	0.282526
chr2	165750000	166250000	P5_INV	1|1	0.563992	2|2	0.223807	2|2	0.212202
chr2	166500000	167500000	P5_DCIS	1|1	0.321431	2|2	0.396043	2|2	0.282526
chr2	166500000	167500000	P5_INV	1|1	0.563992	2|2	0.223807	2|2	0.212202
chr2	168500000	169000000	P5_DCIS	1|1	0.321431	2|2	0.396043	2|2	0.282526
chr2	168500000	169000000	P5_INV	1|1	0.563992	2|2	0.223807	2|2	0.212202
chr2	169000000	169250000	P5_DCIS	1|1	0.321431	4|4	0.396043	2|2	0.282526
chr2	169000000	169250000	P5_INV	1|1	0.563992	4|4	0.223807	2|2	0.212202
chr2	169500000	170250000	P5_DCIS	1|1	0.321431	2|2	0.396043	2|2	0.282526
chr2	169500000	170250000	P5_INV	1|1	0.563992	2|2	0.223807	2|2	0.212202
chr2	170250000	170750000	P5_DCIS	1|1	0.321431	3|2	0.396043	3|2	0.282526
chr2	170250000	170750000	P5_INV	1|1	0.563992	3|2	0.223807	3|2	0.212202
chr2	170750000	171500000	P5_DCIS	1|1	0.321431	2|2	0.396043	2|2	0.282526
chr2	170750000	171500000	P5_INV	1|1	0.563992	2|2	0.223807	2|2	0.212202
chr2	171500000	172250000	P5_DCIS	1|1	0.321431	3|2	0.396043	3|2	0.282526
chr2	171500000	172250000	P5_INV	1|1	0.563992	3|2	0.223807	3|2	0.212202
chr2	172250000	172500000	P5_DCIS	1|1	0.321431	4|4	0.396043	2|2	0.282526
chr2	172250000	172500000	P5_INV	1|1	0.563992	4|4	0.223807	2|2	0.212202
chr2	172500000	173000000	P5_DCIS	1|1	0.321431	3|2	0.396043	3|2	0.282526
chr2	172500000	173000000	P5_INV	1|1	0.563992	3|2	0.223807	3|2	0.212202
chr2	173250000	173500000	P5_DCIS	1|1	0.321431	2|2	0.396043	6|1	0.282526
chr2	173250000	173500000	P5_INV	1|1	0.563992	2|2	0.223807	6|1	0.212202
chr2	173500000	174250000	P5_DCIS	1|1	0.321431	2|2	0.396043	2|2	0.282526
chr2	173500000	174250000	P5_INV	1|1	0.563992	2|2	0.223807	2|2	0.212202
chr2	174250000	174500000	P5_DCIS	1|1	0.321431	2|2	0.396043	3|0	0.282526
chr2	174250000	174500000	P5_INV	1|1	0.563992	2|2	0.223807	3|0	0.212202
chr2	174750000	175000000	P5_DCIS	1|1	0.321431	2|2	0.396043	2|2	0.282526
chr2	174750000	175000000	P5_INV	1|1	0.563992	2|2	0.223807	2|2	0.212202
chr2	175000000	175500000	P5_DCIS	1|1	0.321431	4|4	0.396043	2|2	0.282526
chr2	175000000	175500000	P5_INV	1|1	0.563992	4|4	0.223807	2|2	0.212202
chr2	175500000	175750000	P5_DCIS	1|1	0.321431	3|2	0.396043	3|2	0.282526
chr2	175500000	175750000	P5_INV	1|1	0.563992	3|2	0.223807	3|2	0.212202
chr2	176750000	177250000	P5_DCIS	1|1	0.321431	2|2	0.396043	2|2	0.282526
chr2	176750000	177250000	P5_INV	1|1	0.563992	2|2	0.223807	2|2	0.212202
chr2	177500000	177750000	P5_DCIS	1|1	0.321431	3|2	0.396043	3|2	0.282526
chr2	177500000	177750000	P5_INV	1|1	0.563992	3|2	0.223807	3|2	0.212202
chr2	178000000	178500000	P5_DCIS	1|1	0.321431	3|2	0.396043	3|2	0.282526
chr2	178000000	178500000	P5_INV	1|1	0.563992	3|2	0.223807	3|2	0.212202
chr2	178500000	179750000	P5_DCIS	1|1	0.321431	2|2	0.396043	2|2	0.282526
chr2	178500000	179750000	P5_INV	1|1	0.563992	2|2	0.223807	2|2	0.212202
chr2	179750000	180000000	P5_DCIS	1|1	0.321431	3|2	0.396043	3|2	0.282526
chr2	179750000	180000000	P5_INV	1|1	0.563992	3|2	0.223807	3|2	0.212202
chr2	180000000	180250000	P5_DCIS	1|1	0.321431	4|4	0.396043	2|2	0.282526
chr2	180000000	180250000	P5_INV	1|1	0.563992	4|4	0.223807	2|2	0.212202
chr2	180250000	180500000	P5_DCIS	1|1	0.321431	4|4	0.396043	4|3	0.282526
chr2	180250000	180500000	P5_INV	1|1	0.563992	4|4	0.223807	4|3	0.212202
chr2	180500000	180750000	P5_DCIS	1|1	0.321431	5|2	0.396043	2|2	0.282526
chr2	180500000	180750000	P5_INV	1|1	0.563992	5|2	0.223807	2|2	0.212202
chr2	180750000	181000000	P5_DCIS	1|1	0.321431	3|2	0.396043	3|2	0.282526
chr2	180750000	181000000	P5_INV	1|1	0.563992	3|2	0.223807	3|2	0.212202
chr2	181750000	182000000	P5_DCIS	1|1	0.321431	2|2	0.396043	2|2	0.282526
chr2	181750000	182000000	P5_INV	1|1	0.563992	2|2	0.223807	2|2	0.212202
chr2	182250000	182750000	P5_DCIS	1|1	0.321431	2|2	0.396043	2|2	0.282526
chr2	182250000	182750000	P5_INV	1|1	0.563992	2|2	0.223807	2|2	0.212202
chr2	182750000	183000000	P5_DCIS	1|1	0.321431	2|2	0.396043	3|0	0.282526
chr2	182750000	183000000	P5_INV	1|1	0.563992	2|2	0.223807	3|0	0.212202
chr2	183000000	183250000	P5_DCIS	1|1	0.321431	2|2	0.396043	2|2	0.282526
chr2	183000000	183250000	P5_INV	1|1	0.563992	2|2	0.223807	2|2	0.212202
chr2	183750000	184000000	P5_DCIS	1|1	0.321431	3|2	0.396043	3|2	0.282526
chr2	183750000	184000000	P5_INV	1|1	0.563992	3|2	0.223807	3|2	0.212202
chr2	184000000	184250000	P5_DCIS	1|1	0.321431	2|2	0.396043	2|2	0.282526
chr2	184000000	184250000	P5_INV	1|1	0.563992	2|2	0.223807	2|2	0.212202
chr2	185750000	186000000	P5_DCIS	1|1	0.321431	2|2	0.396043	2|2	0.282526
chr2	185750000	186000000	P5_INV	1|1	0.563992	2|2	0.223807	2|2	0.212202
chr2	186250000	186750000	P5_DCIS	1|1	0.321431	2|2	0.396043	2|2	0.282526
chr2	186250000	186750000	P5_INV	1|1	0.563992	2|2	0.223807	2|2	0.212202
chr2	187250000	187750000	P5_DCIS	1|1	0.321431	2|2	0.396043	2|2	0.282526
chr2	187250000	187750000	P5_INV	1|1	0.563992	2|2	0.223807	2|2	0.212202
chr2	188000000	188250000	P5_DCIS	1|1	0.321431	2|2	0.396043	2|2	0.282526
chr2	188000000	188250000	P5_INV	1|1	0.563992	2|2	0.223807	2|2	0.212202
chr2	188250000	188500000	P5_DCIS	1|1	0.321431	3|2	0.396043	3|2	0.282526
chr2	188250000	188500000	P5_INV	1|1	0.563992	3|2	0.223807	3|2	0.212202
chr2	188500000	188750000	P5_DCIS	1|1	0.321431	2|2	0.396043	3|0	0.282526
chr2	188500000	188750000	P5_INV	1|1	0.563992	2|2	0.223807	3|0	0.212202
chr2	189750000	190000000	P5_DCIS	1|1	0.321431	4|4	0.396043	2|2	0.282526
chr2	189750000	190000000	P5_INV	1|1	0.563992	4|4	0.223807	2|2	0.212202
chr2	190250000	190750000	P5_DCIS	1|1	0.321431	4|4	0.396043	2|2	0.282526
chr2	190250000	190750000	P5_INV	1|1	0.563992	4|4	0.223807	2|2	0.212202
chr2	191000000	191250000	P5_DCIS	1|1	0.321431	2|2	0.396043	2|2	0.282526
chr2	191000000	191250000	P5_INV	1|1	0.563992	2|2	0.223807	2|2	0.212202
chr2	191250000	191500000	P5_DCIS	1|1	0.321431	5|2	0.396043	2|2	0.282526
chr2	191250000	191500000	P5_INV	1|1	0.563992	5|2	0.223807	2|2	0.212202
chr2	191500000	191750000	P5_DCIS	1|1	0.321431	3|2	0.396043	3|2	0.282526
chr2	191500000	191750000	P5_INV	1|1	0.563992	3|2	0.223807	3|2	0.212202
chr2	191750000	192000000	P5_DCIS	1|1	0.321431	2|2	0.396043	2|2	0.282526
chr2	191750000	192000000	P5_INV	1|1	0.563992	2|2	0.223807	2|2	0.212202
chr2	192000000	192500000	P5_DCIS	1|1	0.321431	3|2	0.396043	3|2	0.282526
chr2	192000000	192500000	P5_INV	1|1	0.563992	3|2	0.223807	3|2	0.212202
chr2	193000000	193250000	P5_DCIS	1|1	0.321431	3|2	0.396043	3|2	0.282526
chr2	193000000	193250000	P5_INV	1|1	0.563992	3|2	0.223807	3|2	0.212202
chr2	194000000	194250000	P5_DCIS	1|1	0.321431	3|2	0.396043	3|2	0.282526
chr2	194000000	194250000	P5_INV	1|1	0.563992	3|2	0.223807	3|2	0.212202
chr2	196500000	196750000	P5_DCIS	1|1	0.321431	5|2	0.396043	2|2	0.282526
chr2	196500000	196750000	P5_INV	1|1	0.563992	5|2	0.223807	2|2	0.212202
chr2	196750000	197250000	P5_DCIS	1|1	0.321431	3|2	0.396043	3|2	0.282526
chr2	196750000	197250000	P5_INV	1|1	0.563992	3|2	0.223807	3|2	0.212202
chr2	197500000	197750000	P5_DCIS	1|1	0.321431	2|2	0.396043	2|2	0.282526
chr2	197500000	197750000	P5_INV	1|1	0.563992	2|2	0.223807	2|2	0.212202
chr2	197750000	198000000	P5_DCIS	1|1	0.321431	3|2	0.396043	3|2	0.282526
chr2	197750000	198000000	P5_INV	1|1	0.563992	3|2	0.223807	3|2	0.212202
chr2	198000000	198500000	P5_DCIS	1|1	0.321431	4|4	0.396043	2|2	0.282526
chr2	198000000	198500000	P5_INV	1|1	0.563992	4|4	0.223807	2|2	0.212202
chr2	198500000	198750000	P5_DCIS	1|1	0.321431	3|2	0.396043	3|2	0.282526
chr2	198500000	198750000	P5_INV	1|1	0.563992	3|2	0.223807	3|2	0.212202
chr2	198750000	199000000	P5_DCIS	1|1	0.321431	2|2	0.396043	3|0	0.282526
chr2	198750000	199000000	P5_INV	1|1	0.563992	2|2	0.223807	3|0	0.212202
chr2	200500000	200750000	P5_DCIS	1|1	0.321431	2|2	0.396043	2|2	0.282526
chr2	200500000	200750000	P5_INV	1|1	0.563992	2|2	0.223807	2|2	0.212202
chr2	201250000	201500000	P5_DCIS	1|1	0.321431	2|2	0.396043	2|2	0.282526
chr2	201250000	201500000	P5_INV	1|1	0.563992	2|2	0.223807	2|2	0.212202
chr2	201500000	201750000	P5_DCIS	1|1	0.321431	3|2	0.396043	3|2	0.282526
chr2	201500000	201750000	P5_INV	1|1	0.563992	3|2	0.223807	3|2	0.212202
chr2	201750000	202000000	P5_DCIS	1|1	0.321431	4|4	0.396043	2|2	0.282526
chr2	201750000	202000000	P5_INV	1|1	0.563992	4|4	0.223807	2|2	0.212202
chr2	202000000	202250000	P5_DCIS	1|1	0.321431	3|2	0.396043	3|2	0.282526
chr2	202000000	202250000	P5_INV	1|1	0.563992	3|2	0.223807	3|2	0.212202
chr2	202250000	202500000	P5_DCIS	1|1	0.321431	2|2	0.396043	2|2	0.282526
chr2	202250000	202500000	P5_INV	1|1	0.563992	2|2	0.223807	2|2	0.212202
chr2	202500000	202750000	P5_DCIS	1|1	0.321431	3|2	0.396043	3|2	0.282526
chr2	202500000	202750000	P5_INV	1|1	0.563992	3|2	0.223807	3|2	0.212202
chr2	203000000	203250000	P5_DCIS	1|1	0.321431	3|2	0.396043	3|2	0.282526
chr2	203000000	203250000	P5_INV	1|1	0.563992	3|2	0.223807	3|2	0.212202
chr2	203500000	204250000	P5_DCIS	1|1	0.321431	3|2	0.396043	3|2	0.282526
chr2	203500000	204250000	P5_INV	1|1	0.563992	3|2	0.223807	3|2	0.212202
chr2	204250000	204750000	P5_DCIS	1|1	0.321431	4|4	0.396043	2|2	0.282526
chr2	204250000	204750000	P5_INV	1|1	0.563992	4|4	0.223807	2|2	0.212202
chr2	204750000	205000000	P5_DCIS	1|1	0.321431	3|2	0.396043	3|2	0.282526
chr2	204750000	205000000	P5_INV	1|1	0.563992	3|2	0.223807	3|2	0.212202
chr2	205750000	206000000	P5_DCIS	1|1	0.321431	3|2	0.396043	3|2	0.282526
chr2	205750000	206000000	P5_INV	1|1	0.563992	3|2	0.223807	3|2	0.212202
chr2	206000000	206250000	P5_DCIS	1|1	0.321431	2|2	0.396043	3|0	0.282526
chr2	206000000	206250000	P5_INV	1|1	0.563992	2|2	0.223807	3|0	0.212202
chr2	206250000	206750000	P5_DCIS	1|1	0.321431	2|2	0.396043	2|2	0.282526
chr2	206250000	206750000	P5_INV	1|1	0.563992	2|2	0.223807	2|2	0.212202
chr2	206750000	207500000	P5_DCIS	1|1	0.321431	3|2	0.396043	3|2	0.282526
chr2	206750000	207500000	P5_INV	1|1	0.563992	3|2	0.223807	3|2	0.212202
chr2	207500000	208000000	P5_DCIS	1|1	0.321431	2|2	0.396043	2|2	0.282526
chr2	207500000	208000000	P5_INV	1|1	0.563992	2|2	0.223807	2|2	0.212202
chr2	208250000	209000000	P5_DCIS	1|1	0.321431	3|2	0.396043	3|2	0.282526
chr2	208250000	209000000	P5_INV	1|1	0.563992	3|2	0.223807	3|2	0.212202
chr2	209000000	209250000	P5_DCIS	1|1	0.321431	4|4	0.396043	2|2	0.282526
chr2	209000000	209250000	P5_INV	1|1	0.563992	4|4	0.223807	2|2	0.212202
chr2	209250000	209500000	P5_DCIS	1|1	0.321431	3|2	0.396043	3|2	0.282526
chr2	209250000	209500000	P5_INV	1|1	0.563992	3|2	0.223807	3|2	0.212202
chr2	210000000	210250000	P5_DCIS	1|1	0.321431	3|2	0.396043	3|2	0.282526
chr2	210000000	210250000	P5_INV	1|1	0.563992	3|2	0.223807	3|2	0.212202
chr2	210250000	210750000	P5_DCIS	1|1	0.321431	2|2	0.396043	2|2	0.282526
chr2	210250000	210750000	P5_INV	1|1	0.563992	2|2	0.223807	2|2	0.212202
chr2	210750000	211000000	P5_DCIS	1|1	0.321431	3|1	0.396043	3|1	0.282526
chr2	210750000	211000000	P5_INV	1|1	0.563992	3|1	0.223807	3|1	0.212202
chr2	211000000	211500000	P5_DCIS	1|1	0.321431	2|2	0.396043	2|2	0.282526
chr2	211000000	211500000	P5_INV	1|1	0.563992	2|2	0.223807	2|2	0.212202
chr2	211500000	211750000	P5_DCIS	1|1	0.321431	3|2	0.396043	3|2	0.282526
chr2	211500000	211750000	P5_INV	1|1	0.563992	3|2	0.223807	3|2	0.212202
chr2	212250000	213000000	P5_DCIS	1|1	0.321431	2|2	0.396043	2|2	0.282526
chr2	212250000	213000000	P5_INV	1|1	0.563992	2|2	0.223807	2|2	0.212202
chr2	213750000	214000000	P5_DCIS	1|1	0.321431	2|2	0.396043	3|0	0.282526
chr2	213750000	214000000	P5_INV	1|1	0.563992	2|2	0.223807	3|0	0.212202
chr2	214000000	214250000	P5_DCIS	1|1	0.321431	2|2	0.396043	2|2	0.282526
chr2	214000000	214250000	P5_INV	1|1	0.563992	2|2	0.223807	2|2	0.212202
chr2	214500000	215000000	P5_DCIS	1|1	0.321431	2|2	0.396043	2|2	0.282526
chr2	214500000	215000000	P5_INV	1|1	0.563992	2|2	0.223807	2|2	0.212202
chr2	215000000	215250000	P5_DCIS	1|1	0.321431	3|2	0.396043	3|2	0.282526
chr2	215000000	215250000	P5_INV	1|1	0.563992	3|2	0.223807	3|2	0.212202
chr2	215500000	215750000	P5_DCIS	1|1	0.321431	2|2	0.396043	2|2	0.282526
chr2	215500000	215750000	P5_INV	1|1	0.563992	2|2	0.223807	2|2	0.212202
chr2	215750000	216250000	P5_DCIS	1|1	0.321431	3|2	0.396043	3|2	0.282526
chr2	215750000	216250000	P5_INV	1|1	0.563992	3|2	0.223807	3|2	0.212202
chr2	216250000	216500000	P5_DCIS	1|1	0.321431	2|2	0.396043	2|2	0.282526
chr2	216250000	216500000	P5_INV	1|1	0.563992	2|2	0.223807	2|2	0.212202
chr2	216750000	217000000	P5_DCIS	1|1	0.321431	3|2	0.396043	3|2	0.282526
chr2	216750000	217000000	P5_INV	1|1	0.563992	3|2	0.223807	3|2	0.212202
chr2	217250000	217500000	P5_DCIS	1|1	0.321431	3|2	0.396043	3|2	0.282526
chr2	217250000	217500000	P5_INV	1|1	0.563992	3|2	0.223807	3|2	0.212202
chr2	218500000	218750000	P5_DCIS	1|1	0.321431	4|4	0.396043	2|2	0.282526
chr2	218500000	218750000	P5_INV	1|1	0.563992	4|4	0.223807	2|2	0.212202
chr2	218750000	219000000	P5_DCIS	1|1	0.321431	3|2	0.396043	3|2	0.282526
chr2	218750000	219000000	P5_INV	1|1	0.563992	3|2	0.223807	3|2	0.212202
chr2	219000000	219250000	P5_DCIS	1|1	0.321431	4|4	0.396043	2|2	0.282526
chr2	219000000	219250000	P5_INV	1|1	0.563992	4|4	0.223807	2|2	0.212202
chr2	219250000	219750000	P5_DCIS	1|1	0.321431	3|2	0.396043	3|2	0.282526
chr2	219250000	219750000	P5_INV	1|1	0.563992	3|2	0.223807	3|2	0.212202
chr2	219750000	220000000	P5_DCIS	1|1	0.321431	2|2	0.396043	2|2	0.282526
chr2	219750000	220000000	P5_INV	1|1	0.563992	2|2	0.223807	2|2	0.212202
chr2	220000000	220250000	P5_DCIS	1|1	0.321431	3|2	0.396043	3|2	0.282526
chr2	220000000	220250000	P5_INV	1|1	0.563992	3|2	0.223807	3|2	0.212202
chr2	220250000	220500000	P5_DCIS	1|1	0.321431	5|2	0.396043	2|2	0.282526
chr2	220250000	220500000	P5_INV	1|1	0.563992	5|2	0.223807	2|2	0.212202
chr2	220500000	220750000	P5_DCIS	1|1	0.321431	3|2	0.396043	3|2	0.282526
chr2	220500000	220750000	P5_INV	1|1	0.563992	3|2	0.223807	3|2	0.212202
chr2	222250000	222500000	P5_DCIS	1|1	0.321431	2|2	0.396043	2|2	0.282526
chr2	222250000	222500000	P5_INV	1|1	0.563992	2|2	0.223807	2|2	0.212202
chr2	223000000	223500000	P5_DCIS	1|1	0.321431	2|2	0.396043	2|2	0.282526
chr2	223000000	223500000	P5_INV	1|1	0.563992	2|2	0.223807	2|2	0.212202
chr2	223500000	224000000	P5_DCIS	1|1	0.321431	2|2	0.396043	6|1	0.282526
chr2	223500000	224000000	P5_INV	1|1	0.563992	2|2	0.223807	6|1	0.212202
chr2	224500000	225000000	P5_DCIS	1|1	0.321431	3|2	0.396043	3|2	0.282526
chr2	224500000	225000000	P5_INV	1|1	0.563992	3|2	0.223807	3|2	0.212202
chr2	225250000	225500000	P5_DCIS	1|1	0.321431	2|2	0.396043	2|2	0.282526
chr2	225250000	225500000	P5_INV	1|1	0.563992	2|2	0.223807	2|2	0.212202
chr2	225500000	225750000	P5_DCIS	1|1	0.321431	3|2	0.396043	3|2	0.282526
chr2	225500000	225750000	P5_INV	1|1	0.563992	3|2	0.223807	3|2	0.212202
chr2	225750000	226000000	P5_DCIS	1|1	0.321431	2|2	0.396043	2|2	0.282526
chr2	225750000	226000000	P5_INV	1|1	0.563992	2|2	0.223807	2|2	0.212202
chr2	226250000	226750000	P5_DCIS	1|1	0.321431	2|2	0.396043	2|2	0.282526
chr2	226250000	226750000	P5_INV	1|1	0.563992	2|2	0.223807	2|2	0.212202
chr2	227500000	228500000	P5_DCIS	1|1	0.321431	3|2	0.396043	3|2	0.282526
chr2	227500000	228500000	P5_INV	1|1	0.563992	3|2	0.223807	3|2	0.212202
chr2	228500000	228750000	P5_DCIS	1|1	0.321431	2|2	0.396043	2|2	0.282526
chr2	228500000	228750000	P5_INV	1|1	0.563992	2|2	0.223807	2|2	0.212202
chr2	228750000	229000000	P5_DCIS	1|1	0.321431	3|2	0.396043	3|2	0.282526
chr2	228750000	229000000	P5_INV	1|1	0.563992	3|2	0.223807	3|2	0.212202
chr2	229000000	229250000	P5_DCIS	1|1	0.321431	2|2	0.396043	2|2	0.282526
chr2	229000000	229250000	P5_INV	1|1	0.563992	2|2	0.223807	2|2	0.212202
chr2	230000000	230250000	P5_DCIS	1|1	0.321431	2|2	0.396043	2|2	0.282526
chr2	230000000	230250000	P5_INV	1|1	0.563992	2|2	0.223807	2|2	0.212202
chr2	230500000	230750000	P5_DCIS	1|1	0.321431	2|2	0.396043	2|2	0.282526
chr2	230500000	230750000	P5_INV	1|1	0.563992	2|2	0.223807	2|2	0.212202
chr2	230750000	231000000	P5_DCIS	1|1	0.321431	3|2	0.396043	3|2	0.282526
chr2	230750000	231000000	P5_INV	1|1	0.563992	3|2	0.223807	3|2	0.212202
chr2	231000000	231250000	P5_DCIS	1|1	0.321431	2|2	0.396043	2|2	0.282526
chr2	231000000	231250000	P5_INV	1|1	0.563992	2|2	0.223807	2|2	0.212202
chr2	231250000	231500000	P5_DCIS	1|1	0.321431	4|4	0.396043	2|2	0.282526
chr2	231250000	231500000	P5_INV	1|1	0.563992	4|4	0.223807	2|2	0.212202
chr2	231500000	232000000	P5_DCIS	1|1	0.321431	3|2	0.396043	3|2	0.282526
chr2	231500000	232000000	P5_INV	1|1	0.563992	3|2	0.223807	3|2	0.212202
chr2	232000000	232750000	P5_DCIS	1|1	0.321431	4|4	0.396043	2|2	0.282526
chr2	232000000	232750000	P5_INV	1|1	0.563992	4|4	0.223807	2|2	0.212202
chr2	232750000	233000000	P5_DCIS	1|1	0.321431	3|2	0.396043	3|2	0.282526
chr2	232750000	233000000	P5_INV	1|1	0.563992	3|2	0.223807	3|2	0.212202
chr2	233000000	233250000	P5_DCIS	1|1	0.321431	2|2	0.396043	2|2	0.282526
chr2	233000000	233250000	P5_INV	1|1	0.563992	2|2	0.223807	2|2	0.212202
chr2	233250000	234000000	P5_DCIS	1|1	0.321431	3|2	0.396043	3|2	0.282526
chr2	233250000	234000000	P5_INV	1|1	0.563992	3|2	0.223807	3|2	0.212202
chr2	234000000	234250000	P5_DCIS	1|1	0.321431	4|4	0.396043	2|2	0.282526
chr2	234000000	234250000	P5_INV	1|1	0.563992	4|4	0.223807	2|2	0.212202
chr2	234250000	235000000	P5_DCIS	1|1	0.321431	2|2	0.396043	2|2	0.282526
chr2	234250000	235000000	P5_INV	1|1	0.563992	2|2	0.223807	2|2	0.212202
chr2	235250000	235500000	P5_DCIS	1|1	0.321431	4|4	0.396043	2|2	0.282526
chr2	235250000	235500000	P5_INV	1|1	0.563992	4|4	0.223807	2|2	0.212202
chr2	235750000	236250000	P5_DCIS	1|1	0.321431	2|2	0.396043	2|2	0.282526
chr2	235750000	236250000	P5_INV	1|1	0.563992	2|2	0.223807	2|2	0.212202
chr2	236500000	236750000	P5_DCIS	1|1	0.321431	4|4	0.396043	2|2	0.282526
chr2	236500000	236750000	P5_INV	1|1	0.563992	4|4	0.223807	2|2	0.212202
chr2	236750000	237250000	P5_DCIS	1|1	0.321431	2|2	0.396043	2|2	0.282526
chr2	236750000	237250000	P5_INV	1|1	0.563992	2|2	0.223807	2|2	0.212202
chr2	237250000	237500000	P5_DCIS	1|1	0.321431	3|2	0.396043	3|2	0.282526
chr2	237250000	237500000	P5_INV	1|1	0.563992	3|2	0.223807	3|2	0.212202
chr2	237750000	238000000	P5_DCIS	1|1	0.321431	5|2	0.396043	2|2	0.282526
chr2	237750000	238000000	P5_INV	1|1	0.563992	5|2	0.223807	2|2	0.212202
chr2	238000000	238500000	P5_DCIS	1|1	0.321431	2|2	0.396043	2|2	0.282526
chr2	238000000	238500000	P5_INV	1|1	0.563992	2|2	0.223807	2|2	0.212202
chr2	238500000	238750000	P5_DCIS	1|1	0.321431	2|2	0.396043	6|1	0.282526
chr2	238500000	238750000	P5_INV	1|1	0.563992	2|2	0.223807	6|1	0.212202
chr2	238750000	239750000	P5_DCIS	1|1	0.321431	3|2	0.396043	3|2	0.282526
chr2	238750000	239750000	P5_INV	1|1	0.563992	3|2	0.223807	3|2	0.212202
chr2	240000000	240250000	P5_DCIS	1|1	0.321431	2|2	0.396043	2|2	0.282526
chr2	240000000	240250000	P5_INV	1|1	0.563992	2|2	0.223807	2|2	0.212202
chr2	240750000	241250000	P5_DCIS	1|1	0.321431	3|2	0.396043	3|2	0.282526
chr2	240750000	241250000	P5_INV	1|1	0.563992	3|2	0.223807	3|2	0.212202
chr2	241250000	241500000	P5_DCIS	1|1	0.321431	2|2	0.396043	2|2	0.282526
chr2	241250000	241500000	P5_INV	1|1	0.563992	2|2	0.223807	2|2	0.212202
chr2	241500000	242500000	P5_DCIS	1|1	0.321431	3|2	0.396043	3|2	0.282526
chr2	241500000	242500000	P5_INV	1|1	0.563992	3|2	0.223807	3|2	0.212202
chr2	242500000	242750000	P5_DCIS	1|1	0.321431	4|4	0.396043	2|2	0.282526
chr2	242500000	242750000	P5_INV	1|1	0.563992	4|4	0.223807	2|2	0.212202
chr2	242750000	243000000	P5_DCIS	1|1	0.321431	3|2	0.396043	3|2	0.282526
chr2	242750000	243000000	P5_INV	1|1	0.563992	3|2	0.223807	3|2	0.212202
chr20	1	500000	P5_DCIS	1|1	0.321431	2|2	0.396043	2|2	0.282526
chr20	1	500000	P5_INV	1|1	0.563992	2|2	0.223807	2|2	0.212202
chr20	1000000	1750000	P5_DCIS	1|1	0.321431	2|2	0.396043	2|2	0.282526
chr20	1000000	1750000	P5_INV	1|1	0.563992	2|2	0.223807	2|2	0.212202
chr20	1750000	2000000	P5_DCIS	1|1	0.321431	2|1	0.396043	2|1	0.282526
chr20	1750000	2000000	P5_INV	1|1	0.563992	2|1	0.223807	2|1	0.212202
chr20	2000000	2500000	P5_DCIS	1|1	0.321431	2|2	0.396043	3|0	0.282526
chr20	2000000	2500000	P5_INV	1|1	0.563992	2|2	0.223807	3|0	0.212202
chr20	2500000	2750000	P5_DCIS	1|1	0.321431	2|2	0.396043	2|2	0.282526
chr20	2500000	2750000	P5_INV	1|1	0.563992	2|2	0.223807	2|2	0.212202
chr20	2750000	3000000	P5_DCIS	1|1	0.321431	3|2	0.396043	3|2	0.282526
chr20	2750000	3000000	P5_INV	1|1	0.563992	3|2	0.223807	3|2	0.212202
chr20	3000000	4250000	P5_DCIS	1|1	0.321431	2|2	0.396043	2|2	0.282526
chr20	3000000	4250000	P5_INV	1|1	0.563992	2|2	0.223807	2|2	0.212202
chr20	4500000	4750000	P5_DCIS	1|1	0.321431	3|2	0.396043	3|2	0.282526
chr20	4500000	4750000	P5_INV	1|1	0.563992	3|2	0.223807	3|2	0.212202
chr20	4750000	6250000	P5_DCIS	1|1	0.321431	2|2	0.396043	2|2	0.282526
chr20	4750000	6250000	P5_INV	1|1	0.563992	2|2	0.223807	2|2	0.212202
chr20	6750000	7000000	P5_DCIS	1|1	0.321431	3|2	0.396043	3|2	0.282526
chr20	6750000	7000000	P5_INV	1|1	0.563992	3|2	0.223807	3|2	0.212202
chr20	7750000	8000000	P5_DCIS	1|1	0.321431	2|2	0.396043	2|2	0.282526
chr20	7750000	8000000	P5_INV	1|1	0.563992	2|2	0.223807	2|2	0.212202
chr20	8000000	8250000	P5_DCIS	1|1	0.321431	2|1	0.396043	2|1	0.282526
chr20	8000000	8250000	P5_INV	1|1	0.563992	2|1	0.223807	2|1	0.212202
chr20	8500000	8750000	P5_DCIS	1|1	0.321431	2|2	0.396043	2|2	0.282526
chr20	8500000	8750000	P5_INV	1|1	0.563992	2|2	0.223807	2|2	0.212202
chr20	8750000	9000000	P5_DCIS	1|1	0.321431	3|2	0.396043	3|2	0.282526
chr20	8750000	9000000	P5_INV	1|1	0.563992	3|2	0.223807	3|2	0.212202
chr20	9250000	9750000	P5_DCIS	1|1	0.321431	2|2	0.396043	2|2	0.282526
chr20	9250000	9750000	P5_INV	1|1	0.563992	2|2	0.223807	2|2	0.212202
chr20	10000000	10250000	P5_DCIS	1|1	0.321431	3|2	0.396043	3|2	0.282526
chr20	10000000	10250000	P5_INV	1|1	0.563992	3|2	0.223807	3|2	0.212202
chr20	10250000	10750000	P5_DCIS	1|1	0.321431	2|2	0.396043	2|2	0.282526
chr20	10250000	10750000	P5_INV	1|1	0.563992	2|2	0.223807	2|2	0.212202
chr20	11500000	11750000	P5_DCIS	1|1	0.321431	2|2	0.396043	3|0	0.282526
chr20	11500000	11750000	P5_INV	1|1	0.563992	2|2	0.223807	3|0	0.212202
chr20	11750000	12000000	P5_DCIS	1|1	0.321431	3|2	0.396043	3|2	0.282526
chr20	11750000	12000000	P5_INV	1|1	0.563992	3|2	0.223807	3|2	0.212202
chr20	12750000	14000000	P5_DCIS	1|1	0.321431	2|2	0.396043	2|2	0.282526
chr20	12750000	14000000	P5_INV	1|1	0.563992	2|2	0.223807	2|2	0.212202
chr20	15000000	15250000	P5_DCIS	1|1	0.321431	2|2	0.396043	3|0	0.282526
chr20	15000000	15250000	P5_INV	1|1	0.563992	2|2	0.223807	3|0	0.212202
chr20	15250000	15500000	P5_DCIS	1|1	0.321431	3|2	0.396043	3|2	0.282526
chr20	15250000	15500000	P5_INV	1|1	0.563992	3|2	0.223807	3|2	0.212202
chr20	15750000	16000000	P5_DCIS	1|1	0.321431	2|2	0.396043	2|2	0.282526
chr20	15750000	16000000	P5_INV	1|1	0.563992	2|2	0.223807	2|2	0.212202
chr20	16000000	16250000	P5_DCIS	1|1	0.321431	3|2	0.396043	3|2	0.282526
chr20	16000000	16250000	P5_INV	1|1	0.563992	3|2	0.223807	3|2	0.212202
chr20	16250000	16750000	P5_DCIS	1|1	0.321431	2|2	0.396043	2|2	0.282526
chr20	16250000	16750000	P5_INV	1|1	0.563992	2|2	0.223807	2|2	0.212202
chr20	17250000	18000000	P5_DCIS	1|1	0.321431	2|2	0.396043	2|2	0.282526
chr20	17250000	18000000	P5_INV	1|1	0.563992	2|2	0.223807	2|2	0.212202
chr20	18000000	18250000	P5_DCIS	1|1	0.321431	3|2	0.396043	3|2	0.282526
chr20	18000000	18250000	P5_INV	1|1	0.563992	3|2	0.223807	3|2	0.212202
chr20	18250000	18500000	P5_DCIS	1|1	0.321431	2|2	0.396043	2|2	0.282526
chr20	18250000	18500000	P5_INV	1|1	0.563992	2|2	0.223807	2|2	0.212202
chr20	19500000	20250000	P5_DCIS	1|1	0.321431	2|2	0.396043	2|2	0.282526
chr20	19500000	20250000	P5_INV	1|1	0.563992	2|2	0.223807	2|2	0.212202
chr20	20250000	20500000	P5_DCIS	1|1	0.321431	3|2	0.396043	3|2	0.282526
chr20	20250000	20500000	P5_INV	1|1	0.563992	3|2	0.223807	3|2	0.212202
chr20	21000000	21500000	P5_DCIS	1|1	0.321431	2|2	0.396043	2|2	0.282526
chr20	21000000	21500000	P5_INV	1|1	0.563992	2|2	0.223807	2|2	0.212202
chr20	22500000	22750000	P5_DCIS	1|1	0.321431	3|2	0.396043	3|2	0.282526
chr20	22500000	22750000	P5_INV	1|1	0.563992	3|2	0.223807	3|2	0.212202
chr20	23250000	23500000	P5_DCIS	1|1	0.321431	2|2	0.396043	2|2	0.282526
chr20	23250000	23500000	P5_INV	1|1	0.563992	2|2	0.223807	2|2	0.212202
chr20	23500000	23750000	P5_DCIS	1|1	0.321431	3|2	0.396043	3|2	0.282526
chr20	23500000	23750000	P5_INV	1|1	0.563992	3|2	0.223807	3|2	0.212202
chr20	23750000	24000000	P5_DCIS	1|1	0.321431	2|2	0.396043	2|2	0.282526
chr20	23750000	24000000	P5_INV	1|1	0.563992	2|2	0.223807	2|2	0.212202
chr20	24500000	24750000	P5_DCIS	1|1	0.321431	2|1	0.396043	5|0	0.282526
chr20	24500000	24750000	P5_INV	1|1	0.563992	2|1	0.223807	5|0	0.212202
chr20	24750000	25500000	P5_DCIS	1|1	0.321431	2|2	0.396043	2|2	0.282526
chr20	24750000	25500000	P5_INV	1|1	0.563992	2|2	0.223807	2|2	0.212202
chr20	25500000	26250000	P5_DCIS	1|1	0.321431	3|2	0.396043	3|2	0.282526
chr20	25500000	26250000	P5_INV	1|1	0.563992	3|2	0.223807	3|2	0.212202
chr20	26250000	26500000	P5_DCIS	1|1	0.321431	2|2	0.396043	6|2	0.282526
chr20	26250000	26500000	P5_INV	1|1	0.563992	2|2	0.223807	6|2	0.212202
chr20	29250000	29750000	P5_DCIS	1|1	0.321431	3|2	0.396043	3|2	0.282526
chr20	29250000	29750000	P5_INV	1|1	0.563992	3|2	0.223807	3|2	0.212202
chr20	30250000	30750000	P5_DCIS	1|1	0.321431	8|2	0.396043	2|2	0.282526
chr20	30250000	30750000	P5_INV	1|1	0.563992	8|2	0.223807	2|2	0.212202
chr20	31000000	31250000	P5_DCIS	1|1	0.321431	5|2	0.396043	4|2	0.282526
chr20	31000000	31250000	P5_INV	1|1	0.563992	5|2	0.223807	4|2	0.212202
chr20	31250000	32250000	P5_DCIS	1|1	0.321431	8|2	0.396043	2|2	0.282526
chr20	31250000	32250000	P5_INV	1|1	0.563992	8|2	0.223807	2|2	0.212202
chr20	32250000	32500000	P5_DCIS	1|1	0.321431	7|4	0.396043	3|2	0.282526
chr20	32250000	32500000	P5_INV	1|1	0.563992	7|4	0.223807	3|2	0.212202
chr20	32500000	33250000	P5_DCIS	1|1	0.321431	8|2	0.396043	2|2	0.282526
chr20	32500000	33250000	P5_INV	1|1	0.563992	8|2	0.223807	2|2	0.212202
chr20	33250000	33500000	P5_DCIS	1|1	0.321431	7|4	0.396043	3|2	0.282526
chr20	33250000	33500000	P5_INV	1|1	0.563992	7|4	0.223807	3|2	0.212202
chr20	33500000	34000000	P5_DCIS	1|1	0.321431	8|2	0.396043	2|2	0.282526
chr20	33500000	34000000	P5_INV	1|1	0.563992	8|2	0.223807	2|2	0.212202
chr20	34000000	34250000	P5_DCIS	1|1	0.321431	7|4	0.396043	3|2	0.282526
chr20	34000000	34250000	P5_INV	1|1	0.563992	7|4	0.223807	3|2	0.212202
chr20	34250000	35500000	P5_DCIS	1|1	0.321431	8|2	0.396043	2|2	0.282526
chr20	34250000	35500000	P5_INV	1|1	0.563992	8|2	0.223807	2|2	0.212202
chr20	35500000	35750000	P5_DCIS	1|1	0.321431	9|3	0.396043	10|2	0.282526
chr20	35500000	35750000	P5_INV	1|1	0.563992	9|3	0.223807	10|2	0.212202
chr20	35750000	36000000	P5_DCIS	1|1	0.321431	8|2	0.396043	2|2	0.282526
chr20	35750000	36000000	P5_INV	1|1	0.563992	8|2	0.223807	2|2	0.212202
chr20	36000000	36250000	P5_DCIS	1|1	0.321431	5|2	0.396043	4|2	0.282526
chr20	36000000	36250000	P5_INV	1|1	0.563992	5|2	0.223807	4|2	0.212202
chr20	36750000	37000000	P5_DCIS	1|1	0.321431	8|2	0.396043	2|2	0.282526
chr20	36750000	37000000	P5_INV	1|1	0.563992	8|2	0.223807	2|2	0.212202
chr20	37250000	37750000	P5_DCIS	1|1	0.321431	8|2	0.396043	2|2	0.282526
chr20	37250000	37750000	P5_INV	1|1	0.563992	8|2	0.223807	2|2	0.212202
chr20	37750000	38000000	P5_DCIS	1|1	0.321431	2|2	0.396043	6|1	0.282526
chr20	37750000	38000000	P5_INV	1|1	0.563992	2|2	0.223807	6|1	0.212202
chr20	38500000	38750000	P5_DCIS	1|1	0.321431	2|2	0.396043	6|1	0.282526
chr20	38500000	38750000	P5_INV	1|1	0.563992	2|2	0.223807	6|1	0.212202
chr20	39750000	40250000	P5_DCIS	1|1	0.321431	7|4	0.396043	3|2	0.282526
chr20	39750000	40250000	P5_INV	1|1	0.563992	7|4	0.223807	3|2	0.212202
chr20	40500000	40750000	P5_DCIS	1|1	0.321431	3|2	0.396043	3|2	0.282526
chr20	40500000	40750000	P5_INV	1|1	0.563992	3|2	0.223807	3|2	0.212202
chr20	40750000	41000000	P5_DCIS	1|1	0.321431	2|2	0.396043	2|2	0.282526
chr20	40750000	41000000	P5_INV	1|1	0.563992	2|2	0.223807	2|2	0.212202
chr20	41250000	41500000	P5_DCIS	1|1	0.321431	2|2	0.396043	2|2	0.282526
chr20	41250000	41500000	P5_INV	1|1	0.563992	2|2	0.223807	2|2	0.212202
chr20	42000000	42250000	P5_DCIS	1|1	0.321431	4|4	0.396043	2|2	0.282526
chr20	42000000	42250000	P5_INV	1|1	0.563992	4|4	0.223807	2|2	0.212202
chr20	42500000	43500000	P5_DCIS	1|1	0.321431	4|4	0.396043	2|2	0.282526
chr20	42500000	43500000	P5_INV	1|1	0.563992	4|4	0.223807	2|2	0.212202
chr20	43750000	44750000	P5_DCIS	1|1	0.321431	4|4	0.396043	2|2	0.282526
chr20	43750000	44750000	P5_INV	1|1	0.563992	4|4	0.223807	2|2	0.212202
chr20	45000000	45250000	P5_DCIS	1|1	0.321431	4|4	0.396043	2|2	0.282526
chr20	45000000	45250000	P5_INV	1|1	0.563992	4|4	0.223807	2|2	0.212202
chr20	45500000	45750000	P5_DCIS	1|1	0.321431	7|4	0.396043	3|2	0.282526
chr20	45500000	45750000	P5_INV	1|1	0.563992	7|4	0.223807	3|2	0.212202
chr20	45750000	46000000	P5_DCIS	1|1	0.321431	9|3	0.396043	10|2	0.282526
chr20	45750000	46000000	P5_INV	1|1	0.563992	9|3	0.223807	10|2	0.212202
chr20	46250000	46500000	P5_DCIS	1|1	0.321431	9|3	0.396043	10|2	0.282526
chr20	46250000	46500000	P5_INV	1|1	0.563992	9|3	0.223807	10|2	0.212202
chr20	46500000	46750000	P5_DCIS	1|1	0.321431	4|4	0.396043	2|2	0.282526
chr20	46500000	46750000	P5_INV	1|1	0.563992	4|4	0.223807	2|2	0.212202
chr20	47000000	47250000	P5_DCIS	1|1	0.321431	3|2	0.396043	3|2	0.282526
chr20	47000000	47250000	P5_INV	1|1	0.563992	3|2	0.223807	3|2	0.212202
chr20	47250000	47500000	P5_DCIS	1|1	0.321431	4|4	0.396043	2|2	0.282526
chr20	47250000	47500000	P5_INV	1|1	0.563992	4|4	0.223807	2|2	0.212202
chr20	47750000	48000000	P5_DCIS	1|1	0.321431	4|4	0.396043	4|3	0.282526
chr20	47750000	48000000	P5_INV	1|1	0.563992	4|4	0.223807	4|3	0.212202
chr20	48000000	48750000	P5_DCIS	1|1	0.321431	7|4	0.396043	3|2	0.282526
chr20	48000000	48750000	P5_INV	1|1	0.563992	7|4	0.223807	3|2	0.212202
chr20	48750000	49000000	P5_DCIS	1|1	0.321431	9|2	0.396043	2|4	0.282526
chr20	48750000	49000000	P5_INV	1|1	0.563992	9|2	0.223807	2|4	0.212202
chr20	49000000	49500000	P5_DCIS	1|1	0.321431	7|4	0.396043	3|2	0.282526
chr20	49000000	49500000	P5_INV	1|1	0.563992	7|4	0.223807	3|2	0.212202
chr20	49500000	49750000	P5_DCIS	1|1	0.321431	4|4	0.396043	4|3	0.282526
chr20	49500000	49750000	P5_INV	1|1	0.563992	4|4	0.223807	4|3	0.212202
chr20	50000000	51000000	P5_DCIS	1|1	0.321431	7|4	0.396043	3|2	0.282526
chr20	50000000	51000000	P5_INV	1|1	0.563992	7|4	0.223807	3|2	0.212202
chr20	51500000	51750000	P5_DCIS	1|1	0.321431	3|2	0.396043	3|2	0.282526
chr20	51500000	51750000	P5_INV	1|1	0.563992	3|2	0.223807	3|2	0.212202
chr20	52500000	52750000	P5_DCIS	1|1	0.321431	7|4	0.396043	3|2	0.282526
chr20	52500000	52750000	P5_INV	1|1	0.563992	7|4	0.223807	3|2	0.212202
chr20	53000000	53250000	P5_DCIS	1|1	0.321431	5|2	0.396043	4|2	0.282526
chr20	53000000	53250000	P5_INV	1|1	0.563992	5|2	0.223807	4|2	0.212202
chr20	53250000	53500000	P5_DCIS	1|1	0.321431	3|2	0.396043	3|2	0.282526
chr20	53250000	53500000	P5_INV	1|1	0.563992	3|2	0.223807	3|2	0.212202
chr20	53500000	53750000	P5_DCIS	1|1	0.321431	3|1	0.396043	3|1	0.282526
chr20	53500000	53750000	P5_INV	1|1	0.563992	3|1	0.223807	3|1	0.212202
chr20	54750000	55250000	P5_DCIS	1|1	0.321431	7|4	0.396043	3|2	0.282526
chr20	54750000	55250000	P5_INV	1|1	0.563992	7|4	0.223807	3|2	0.212202
chr20	55250000	55500000	P5_DCIS	1|1	0.321431	4|4	0.396043	4|3	0.282526
chr20	55250000	55500000	P5_INV	1|1	0.563992	4|4	0.223807	4|3	0.212202
chr20	55500000	55750000	P5_DCIS	1|1	0.321431	8|2	0.396043	2|2	0.282526
chr20	55500000	55750000	P5_INV	1|1	0.563992	8|2	0.223807	2|2	0.212202
chr20	55750000	56250000	P5_DCIS	1|1	0.321431	7|4	0.396043	3|2	0.282526
chr20	55750000	56250000	P5_INV	1|1	0.563992	7|4	0.223807	3|2	0.212202
chr20	57000000	57500000	P5_DCIS	1|1	0.321431	7|4	0.396043	3|2	0.282526
chr20	57000000	57500000	P5_INV	1|1	0.563992	7|4	0.223807	3|2	0.212202
chr20	57750000	58000000	P5_DCIS	1|1	0.321431	3|2	0.396043	3|2	0.282526
chr20	57750000	58000000	P5_INV	1|1	0.563992	3|2	0.223807	3|2	0.212202
chr20	58250000	58500000	P5_DCIS	1|1	0.321431	3|2	0.396043	3|2	0.282526
chr20	58250000	58500000	P5_INV	1|1	0.563992	3|2	0.223807	3|2	0.212202
chr20	58500000	58750000	P5_DCIS	1|1	0.321431	7|4	0.396043	3|2	0.282526
chr20	58500000	58750000	P5_INV	1|1	0.563992	7|4	0.223807	3|2	0.212202
chr20	59500000	59750000	P5_DCIS	1|1	0.321431	3|1	0.396043	3|1	0.282526
chr20	59500000	59750000	P5_INV	1|1	0.563992	3|1	0.223807	3|1	0.212202
chr20	59750000	60000000	P5_DCIS	1|1	0.321431	4|4	0.396043	2|2	0.282526
chr20	59750000	60000000	P5_INV	1|1	0.563992	4|4	0.223807	2|2	0.212202
chr20	60000000	60250000	P5_DCIS	1|1	0.321431	3|2	0.396043	3|2	0.282526
chr20	60000000	60250000	P5_INV	1|1	0.563992	3|2	0.223807	3|2	0.212202
chr20	60250000	60500000	P5_DCIS	1|1	0.321431	5|2	0.396043	4|2	0.282526
chr20	60250000	60500000	P5_INV	1|1	0.563992	5|2	0.223807	4|2	0.212202
chr20	60500000	61000000	P5_DCIS	1|1	0.321431	7|4	0.396043	3|2	0.282526
chr20	60500000	61000000	P5_INV	1|1	0.563992	7|4	0.223807	3|2	0.212202
chr20	61250000	62250000	P5_DCIS	1|1	0.321431	7|4	0.396043	3|2	0.282526
chr20	61250000	62250000	P5_INV	1|1	0.563992	7|4	0.223807	3|2	0.212202
chr20	62250000	62500000	P5_DCIS	1|1	0.321431	4|4	0.396043	4|3	0.282526
chr20	62250000	62500000	P5_INV	1|1	0.563992	4|4	0.223807	4|3	0.212202
chr20	62500000	62750000	P5_DCIS	1|1	0.321431	7|4	0.396043	3|2	0.282526
chr20	62500000	62750000	P5_INV	1|1	0.563992	7|4	0.223807	3|2	0.212202
chr20	62750000	63000000	P5_DCIS	1|1	0.321431	4|4	0.396043	4|3	0.282526
chr20	62750000	63000000	P5_INV	1|1	0.563992	4|4	0.223807	4|3	0.212202
chr21	9500000	9750000	P5_DCIS	1|1	0.321431	2|1	0.396043	2|1	0.282526
chr21	9500000	9750000	P5_INV	1|1	0.563992	2|1	0.223807	2|1	0.212202
chr21	9750000	10000000	P5_DCIS	1|1	0.321431	3|2	0.396043	3|2	0.282526
chr21	9750000	10000000	P5_INV	1|1	0.563992	3|2	0.223807	3|2	0.212202
chr21	10500000	10750000	P5_DCIS	1|1	0.321431	2|2	0.396043	3|0	0.282526
chr21	10500000	10750000	P5_INV	1|1	0.563992	2|2	0.223807	3|0	0.212202
chr21	10750000	11250000	P5_DCIS	1|1	0.321431	2|1	0.396043	2|1	0.282526
chr21	10750000	11250000	P5_INV	1|1	0.563992	2|1	0.223807	2|1	0.212202
chr21	14250000	14500000	P5_DCIS	1|1	0.321431	3|1	0.396043	3|1	0.282526
chr21	14250000	14500000	P5_INV	1|1	0.563992	3|1	0.223807	3|1	0.212202
chr21	14500000	15500000	P5_DCIS	1|1	0.321431	2|1	0.396043	2|1	0.282526
chr21	14500000	15500000	P5_INV	1|1	0.563992	2|1	0.223807	2|1	0.212202
chr21	15750000	16000000	P5_DCIS	1|1	0.321431	2|1	0.396043	2|1	0.282526
chr21	15750000	16000000	P5_INV	1|1	0.563992	2|1	0.223807	2|1	0.212202
chr21	16000000	16250000	P5_DCIS	1|1	0.321431	3|1	0.396043	3|1	0.282526
chr21	16000000	16250000	P5_INV	1|1	0.563992	3|1	0.223807	3|1	0.212202
chr21	16500000	16750000	P5_DCIS	1|1	0.321431	2|2	0.396043	3|0	0.282526
chr21	16500000	16750000	P5_INV	1|1	0.563992	2|2	0.223807	3|0	0.212202
chr21	17000000	17250000	P5_DCIS	1|1	0.321431	2|1	0.396043	2|1	0.282526
chr21	17000000	17250000	P5_INV	1|1	0.563992	2|1	0.223807	2|1	0.212202
chr21	17750000	18000000	P5_DCIS	1|1	0.321431	2|2	0.396043	3|0	0.282526
chr21	17750000	18000000	P5_INV	1|1	0.563992	2|2	0.223807	3|0	0.212202
chr21	18750000	19000000	P5_DCIS	1|1	0.321431	2|1	0.396043	2|1	0.282526
chr21	18750000	19000000	P5_INV	1|1	0.563992	2|1	0.223807	2|1	0.212202
chr21	19500000	20000000	P5_DCIS	1|1	0.321431	2|1	0.396043	2|1	0.282526
chr21	19500000	20000000	P5_INV	1|1	0.563992	2|1	0.223807	2|1	0.212202
chr21	20000000	20250000	P5_DCIS	1|1	0.321431	2|2	0.396043	3|0	0.282526
chr21	20000000	20250000	P5_INV	1|1	0.563992	2|2	0.223807	3|0	0.212202
chr21	22750000	23000000	P5_DCIS	1|1	0.321431	2|1	0.396043	2|1	0.282526
chr21	22750000	23000000	P5_INV	1|1	0.563992	2|1	0.223807	2|1	0.212202
chr21	24750000	25000000	P5_DCIS	1|1	0.321431	2|1	0.396043	2|1	0.282526
chr21	24750000	25000000	P5_INV	1|1	0.563992	2|1	0.223807	2|1	0.212202
chr21	27000000	27250000	P5_DCIS	1|1	0.321431	2|1	0.396043	2|1	0.282526
chr21	27000000	27250000	P5_INV	1|1	0.563992	2|1	0.223807	2|1	0.212202
chr21	27250000	27500000	P5_DCIS	1|1	0.321431	3|1	0.396043	3|1	0.282526
chr21	27250000	27500000	P5_INV	1|1	0.563992	3|1	0.223807	3|1	0.212202
chr21	27750000	28000000	P5_DCIS	1|1	0.321431	2|2	0.396043	2|2	0.282526
chr21	27750000	28000000	P5_INV	1|1	0.563992	2|2	0.223807	2|2	0.212202
chr21	28000000	28500000	P5_DCIS	1|1	0.321431	2|1	0.396043	2|1	0.282526
chr21	28000000	28500000	P5_INV	1|1	0.563992	2|1	0.223807	2|1	0.212202
chr21	28500000	28750000	P5_DCIS	1|1	0.321431	2|1	0.396043	5|0	0.282526
chr21	28500000	28750000	P5_INV	1|1	0.563992	2|1	0.223807	5|0	0.212202
chr21	29500000	29750000	P5_DCIS	1|1	0.321431	2|1	0.396043	2|1	0.282526
chr21	29500000	29750000	P5_INV	1|1	0.563992	2|1	0.223807	2|1	0.212202
chr21	30250000	30500000	P5_DCIS	1|1	0.321431	3|2	0.396043	3|2	0.282526
chr21	30250000	30500000	P5_INV	1|1	0.563992	3|2	0.223807	3|2	0.212202
chr21	31500000	32000000	P5_DCIS	1|1	0.321431	2|1	0.396043	2|1	0.282526
chr21	31500000	32000000	P5_INV	1|1	0.563992	2|1	0.223807	2|1	0.212202
chr21	32000000	32250000	P5_DCIS	1|1	0.321431	2|2	0.396043	2|2	0.282526
chr21	32000000	32250000	P5_INV	1|1	0.563992	2|2	0.223807	2|2	0.212202
chr21	32250000	32500000	P5_DCIS	1|1	0.321431	2|1	0.396043	2|1	0.282526
chr21	32250000	32500000	P5_INV	1|1	0.563992	2|1	0.223807	2|1	0.212202
chr21	32750000	33000000	P5_DCIS	1|1	0.321431	2|1	0.396043	2|1	0.282526
chr21	32750000	33000000	P5_INV	1|1	0.563992	2|1	0.223807	2|1	0.212202
chr21	33000000	33250000	P5_DCIS	1|1	0.321431	3|2	0.396043	3|2	0.282526
chr21	33000000	33250000	P5_INV	1|1	0.563992	3|2	0.223807	3|2	0.212202
chr21	33250000	33500000	P5_DCIS	1|1	0.321431	2|1	0.396043	2|1	0.282526
chr21	33250000	33500000	P5_INV	1|1	0.563992	2|1	0.223807	2|1	0.212202
chr21	33500000	34000000	P5_DCIS	1|1	0.321431	9|1	0.396043	2|1	0.282526
chr21	33500000	34000000	P5_INV	1|1	0.563992	9|1	0.223807	2|1	0.212202
chr21	34000000	34500000	P5_DCIS	1|1	0.321431	3|1	0.396043	3|1	0.282526
chr21	34000000	34500000	P5_INV	1|1	0.563992	3|1	0.223807	3|1	0.212202
chr21	34500000	35500000	P5_DCIS	1|1	0.321431	9|1	0.396043	2|1	0.282526
chr21	34500000	35500000	P5_INV	1|1	0.563992	9|1	0.223807	2|1	0.212202
chr21	35500000	35750000	P5_DCIS	1|1	0.321431	2|1	0.396043	5|0	0.282526
chr21	35500000	35750000	P5_INV	1|1	0.563992	2|1	0.223807	5|0	0.212202
chr21	35750000	36000000	P5_DCIS	1|1	0.321431	3|1	0.396043	3|1	0.282526
chr21	35750000	36000000	P5_INV	1|1	0.563992	3|1	0.223807	3|1	0.212202
chr21	36000000	36250000	P5_DCIS	1|1	0.321431	2|1	0.396043	5|0	0.282526
chr21	36000000	36250000	P5_INV	1|1	0.563992	2|1	0.223807	5|0	0.212202
chr21	36750000	37250000	P5_DCIS	1|1	0.321431	5|0	0.396043	8|2	0.282526
chr21	36750000	37250000	P5_INV	1|1	0.563992	5|0	0.223807	8|2	0.212202
chr21	37250000	38500000	P5_DCIS	1|1	0.321431	9|1	0.396043	2|1	0.282526
chr21	37250000	38500000	P5_INV	1|1	0.563992	9|1	0.223807	2|1	0.212202
chr21	38500000	38750000	P5_DCIS	1|1	0.321431	2|2	0.396043	6|1	0.282526
chr21	38500000	38750000	P5_INV	1|1	0.563992	2|2	0.223807	6|1	0.212202
chr21	38750000	39000000	P5_DCIS	1|1	0.321431	2|1	0.396043	2|1	0.282526
chr21	38750000	39000000	P5_INV	1|1	0.563992	2|1	0.223807	2|1	0.212202
chr21	39750000	40250000	P5_DCIS	1|1	0.321431	9|1	0.396043	2|1	0.282526
chr21	39750000	40250000	P5_INV	1|1	0.563992	9|1	0.223807	2|1	0.212202
chr21	40500000	41000000	P5_DCIS	1|1	0.321431	9|1	0.396043	2|1	0.282526
chr21	40500000	41000000	P5_INV	1|1	0.563992	9|1	0.223807	2|1	0.212202
chr21	41000000	41250000	P5_DCIS	1|1	0.321431	2|1	0.396043	5|0	0.282526
chr21	41000000	41250000	P5_INV	1|1	0.563992	2|1	0.223807	5|0	0.212202
chr21	41250000	41500000	P5_DCIS	1|1	0.321431	3|1	0.396043	3|1	0.282526
chr21	41250000	41500000	P5_INV	1|1	0.563992	3|1	0.223807	3|1	0.212202
chr21	41500000	41750000	P5_DCIS	1|1	0.321431	9|1	0.396043	2|1	0.282526
chr21	41500000	41750000	P5_INV	1|1	0.563992	9|1	0.223807	2|1	0.212202
chr21	42250000	42500000	P5_DCIS	1|1	0.321431	5|0	0.396043	8|2	0.282526
chr21	42250000	42500000	P5_INV	1|1	0.563992	5|0	0.223807	8|2	0.212202
chr21	42500000	43000000	P5_DCIS	1|1	0.321431	9|1	0.396043	2|1	0.282526
chr21	42500000	43000000	P5_INV	1|1	0.563992	9|1	0.223807	2|1	0.212202
chr21	43000000	44000000	P5_DCIS	1|1	0.321431	5|1	0.396043	3|1	0.282526
chr21	43000000	44000000	P5_INV	1|1	0.563992	5|1	0.223807	3|1	0.212202
chr21	44000000	44500000	P5_DCIS	1|1	0.321431	9|1	0.396043	2|1	0.282526
chr21	44000000	44500000	P5_INV	1|1	0.563992	9|1	0.223807	2|1	0.212202
chr21	44500000	45250000	P5_DCIS	1|1	0.321431	11|1	0.396043	12|0	0.282526
chr21	44500000	45250000	P5_INV	1|1	0.563992	11|1	0.223807	12|0	0.212202
chr21	45250000	45500000	P5_DCIS	1|1	0.321431	9|1	0.396043	2|1	0.282526
chr21	45250000	45500000	P5_INV	1|1	0.563992	9|1	0.223807	2|1	0.212202
chr21	45500000	45750000	P5_DCIS	1|1	0.321431	5|1	0.396043	3|1	0.282526
chr21	45500000	45750000	P5_INV	1|1	0.563992	5|1	0.223807	3|1	0.212202
chr21	45750000	46000000	P5_DCIS	1|1	0.321431	3|1	0.396043	3|1	0.282526
chr21	45750000	46000000	P5_INV	1|1	0.563992	3|1	0.223807	3|1	0.212202
chr21	46000000	46500000	P5_DCIS	1|1	0.321431	2|1	0.396043	2|1	0.282526
chr21	46000000	46500000	P5_INV	1|1	0.563992	2|1	0.223807	2|1	0.212202
chr21	46500000	46750000	P5_DCIS	1|1	0.321431	2|2	0.396043	3|0	0.282526
chr21	46500000	46750000	P5_INV	1|1	0.563992	2|2	0.223807	3|0	0.212202
chr21	46750000	47000000	P5_DCIS	1|1	0.321431	9|1	0.396043	2|1	0.282526
chr21	46750000	47000000	P5_INV	1|1	0.563992	9|1	0.223807	2|1	0.212202
chr21	47000000	47250000	P5_DCIS	1|1	0.321431	2|1	0.396043	5|0	0.282526
chr21	47000000	47250000	P5_INV	1|1	0.563992	2|1	0.223807	5|0	0.212202
chr21	47250000	47500000	P5_DCIS	1|1	0.321431	3|1	0.396043	3|1	0.282526
chr21	47250000	47500000	P5_INV	1|1	0.563992	3|1	0.223807	3|1	0.212202
chr21	47500000	48129895	P5_DCIS	1|1	0.321431	5|0	0.396043	8|2	0.282526
chr21	47500000	48129895	P5_INV	1|1	0.563992	5|0	0.223807	8|2	0.212202
chr22	16000000	16250000	P5_DCIS	1|1	0.321431	2|2	0.396043	6|1	0.282526
chr22	16000000	16250000	P5_INV	1|1	0.563992	2|2	0.223807	6|1	0.212202
chr22	16250000	16500000	P5_DCIS	1|1	0.321431	3|2	0.396043	3|2	0.282526
chr22	16250000	16500000	P5_INV	1|1	0.563992	3|2	0.223807	3|2	0.212202
chr22	16750000	17500000	P5_DCIS	1|1	0.321431	3|2	0.396043	3|2	0.282526
chr22	16750000	17500000	P5_INV	1|1	0.563992	3|2	0.223807	3|2	0.212202
chr22	17500000	17750000	P5_DCIS	1|1	0.321431	7|4	0.396043	3|2	0.282526
chr22	17500000	17750000	P5_INV	1|1	0.563992	7|4	0.223807	3|2	0.212202
chr22	17750000	18750000	P5_DCIS	1|1	0.321431	4|4	0.396043	2|2	0.282526
chr22	17750000	18750000	P5_INV	1|1	0.563992	4|4	0.223807	2|2	0.212202
chr22	18750000	19000000	P5_DCIS	1|1	0.321431	4|4	0.396043	4|3	0.282526
chr22	18750000	19000000	P5_INV	1|1	0.563992	4|4	0.223807	4|3	0.212202
chr22	19000000	19250000	P5_DCIS	1|1	0.321431	3|2	0.396043	3|2	0.282526
chr22	19000000	19250000	P5_INV	1|1	0.563992	3|2	0.223807	3|2	0.212202
chr22	19250000	20250000	P5_DCIS	1|1	0.321431	4|4	0.396043	2|2	0.282526
chr22	19250000	20250000	P5_INV	1|1	0.563992	4|4	0.223807	2|2	0.212202
chr22	20250000	20750000	P5_DCIS	1|1	0.321431	4|4	0.396043	4|3	0.282526
chr22	20250000	20750000	P5_INV	1|1	0.563992	4|4	0.223807	4|3	0.212202
chr22	20750000	21500000	P5_DCIS	1|1	0.321431	4|4	0.396043	2|2	0.282526
chr22	20750000	21500000	P5_INV	1|1	0.563992	4|4	0.223807	2|2	0.212202
chr22	21500000	21750000	P5_DCIS	1|1	0.321431	5|2	0.396043	2|2	0.282526
chr22	21500000	21750000	P5_INV	1|1	0.563992	5|2	0.223807	2|2	0.212202
chr22	21750000	22000000	P5_DCIS	1|1	0.321431	4|4	0.396043	4|3	0.282526
chr22	21750000	22000000	P5_INV	1|1	0.563992	4|4	0.223807	4|3	0.212202
chr22	22000000	22250000	P5_DCIS	1|1	0.321431	4|4	0.396043	2|2	0.282526
chr22	22000000	22250000	P5_INV	1|1	0.563992	4|4	0.223807	2|2	0.212202
chr22	22250000	22750000	P5_DCIS	1|1	0.321431	3|2	0.396043	3|2	0.282526
chr22	22250000	22750000	P5_INV	1|1	0.563992	3|2	0.223807	3|2	0.212202
chr22	22750000	25500000	P5_DCIS	1|1	0.321431	4|4	0.396043	2|2	0.282526
chr22	22750000	25500000	P5_INV	1|1	0.563992	4|4	0.223807	2|2	0.212202
chr22	25500000	26000000	P5_DCIS	1|1	0.321431	5|2	0.396043	4|2	0.282526
chr22	25500000	26000000	P5_INV	1|1	0.563992	5|2	0.223807	4|2	0.212202
chr22	26000000	26250000	P5_DCIS	1|1	0.321431	4|4	0.396043	2|2	0.282526
chr22	26000000	26250000	P5_INV	1|1	0.563992	4|4	0.223807	2|2	0.212202
chr22	26250000	26500000	P5_DCIS	1|1	0.321431	3|2	0.396043	3|2	0.282526
chr22	26250000	26500000	P5_INV	1|1	0.563992	3|2	0.223807	3|2	0.212202
chr22	26500000	27000000	P5_DCIS	1|1	0.321431	4|4	0.396043	2|2	0.282526
chr22	26500000	27000000	P5_INV	1|1	0.563992	4|4	0.223807	2|2	0.212202
chr22	27000000	27250000	P5_DCIS	1|1	0.321431	7|4	0.396043	3|2	0.282526
chr22	27000000	27250000	P5_INV	1|1	0.563992	7|4	0.223807	3|2	0.212202
chr22	28250000	28500000	P5_DCIS	1|1	0.321431	4|4	0.396043	2|2	0.282526
chr22	28250000	28500000	P5_INV	1|1	0.563992	4|4	0.223807	2|2	0.212202
chr22	29000000	29250000	P5_DCIS	1|1	0.321431	4|4	0.396043	2|2	0.282526
chr22	29000000	29250000	P5_INV	1|1	0.563992	4|4	0.223807	2|2	0.212202
chr22	29250000	29500000	P5_DCIS	1|1	0.321431	3|2	0.396043	3|2	0.282526
chr22	29250000	29500000	P5_INV	1|1	0.563992	3|2	0.223807	3|2	0.212202
chr22	29500000	33000000	P5_DCIS	1|1	0.321431	4|4	0.396043	2|2	0.282526
chr22	29500000	33000000	P5_INV	1|1	0.563992	4|4	0.223807	2|2	0.212202
chr22	33250000	33500000	P5_DCIS	1|1	0.321431	3|2	0.396043	3|2	0.282526
chr22	33250000	33500000	P5_INV	1|1	0.563992	3|2	0.223807	3|2	0.212202
chr22	33500000	33750000	P5_DCIS	1|1	0.321431	4|4	0.396043	2|2	0.282526
chr22	33500000	33750000	P5_INV	1|1	0.563992	4|4	0.223807	2|2	0.212202
chr22	34000000	34250000	P5_DCIS	1|1	0.321431	4|4	0.396043	2|2	0.282526
chr22	34000000	34250000	P5_INV	1|1	0.563992	4|4	0.223807	2|2	0.212202
chr22	34750000	35000000	P5_DCIS	1|1	0.321431	3|2	0.396043	3|2	0.282526
chr22	34750000	35000000	P5_INV	1|1	0.563992	3|2	0.223807	3|2	0.212202
chr22	35500000	36250000	P5_DCIS	1|1	0.321431	4|4	0.396043	2|2	0.282526
chr22	35500000	36250000	P5_INV	1|1	0.563992	4|4	0.223807	2|2	0.212202
chr22	36500000	37000000	P5_DCIS	1|1	0.321431	4|4	0.396043	2|2	0.282526
chr22	36500000	37000000	P5_INV	1|1	0.563992	4|4	0.223807	2|2	0.212202
chr22	37250000	37750000	P5_DCIS	1|1	0.321431	4|4	0.396043	2|2	0.282526
chr22	37250000	37750000	P5_INV	1|1	0.563992	4|4	0.223807	2|2	0.212202
chr22	37750000	38000000	P5_DCIS	1|1	0.321431	5|2	0.396043	4|2	0.282526
chr22	37750000	38000000	P5_INV	1|1	0.563992	5|2	0.223807	4|2	0.212202
chr22	38000000	39000000	P5_DCIS	1|1	0.321431	4|4	0.396043	2|2	0.282526
chr22	38000000	39000000	P5_INV	1|1	0.563992	4|4	0.223807	2|2	0.212202
chr22	39000000	39250000	P5_DCIS	1|1	0.321431	7|4	0.396043	3|2	0.282526
chr22	39000000	39250000	P5_INV	1|1	0.563992	7|4	0.223807	3|2	0.212202
chr22	39250000	39500000	P5_DCIS	1|1	0.321431	4|4	0.396043	2|2	0.282526
chr22	39250000	39500000	P5_INV	1|1	0.563992	4|4	0.223807	2|2	0.212202
chr22	39500000	39750000	P5_DCIS	1|1	0.321431	7|4	0.396043	3|2	0.282526
chr22	39500000	39750000	P5_INV	1|1	0.563992	7|4	0.223807	3|2	0.212202
chr22	39750000	40000000	P5_DCIS	1|1	0.321431	4|4	0.396043	2|2	0.282526
chr22	39750000	40000000	P5_INV	1|1	0.563992	4|4	0.223807	2|2	0.212202
chr22	40000000	40500000	P5_DCIS	1|1	0.321431	3|2	0.396043	3|2	0.282526
chr22	40000000	40500000	P5_INV	1|1	0.563992	3|2	0.223807	3|2	0.212202
chr22	41000000	42500000	P5_DCIS	1|1	0.321431	3|2	0.396043	3|2	0.282526
chr22	41000000	42500000	P5_INV	1|1	0.563992	3|2	0.223807	3|2	0.212202
chr22	42750000	46250000	P5_DCIS	1|1	0.321431	3|2	0.396043	3|2	0.282526
chr22	42750000	46250000	P5_INV	1|1	0.563992	3|2	0.223807	3|2	0.212202
chr22	46750000	47000000	P5_DCIS	1|1	0.321431	2|2	0.396043	6|1	0.282526
chr22	46750000	47000000	P5_INV	1|1	0.563992	2|2	0.223807	6|1	0.212202
chr22	47000000	47750000	P5_DCIS	1|1	0.321431	3|2	0.396043	3|2	0.282526
chr22	47000000	47750000	P5_INV	1|1	0.563992	3|2	0.223807	3|2	0.212202
chr22	48750000	49000000	P5_DCIS	1|1	0.321431	3|1	0.396043	3|1	0.282526
chr22	48750000	49000000	P5_INV	1|1	0.563992	3|1	0.223807	3|1	0.212202
chr22	49000000	49250000	P5_DCIS	1|1	0.321431	2|2	0.396043	2|2	0.282526
chr22	49000000	49250000	P5_INV	1|1	0.563992	2|2	0.223807	2|2	0.212202
chr22	49500000	49750000	P5_DCIS	1|1	0.321431	3|2	0.396043	3|2	0.282526
chr22	49500000	49750000	P5_INV	1|1	0.563992	3|2	0.223807	3|2	0.212202
chr22	50250000	50500000	P5_DCIS	1|1	0.321431	5|2	0.396043	2|2	0.282526
chr22	50250000	50500000	P5_INV	1|1	0.563992	5|2	0.223807	2|2	0.212202
chr22	50500000	50750000	P5_DCIS	1|1	0.321431	3|2	0.396043	3|2	0.282526
chr22	50500000	50750000	P5_INV	1|1	0.563992	3|2	0.223807	3|2	0.212202
chr22	50750000	51000000	P5_DCIS	1|1	0.321431	5|2	0.396043	2|2	0.282526
chr22	50750000	51000000	P5_INV	1|1	0.563992	5|2	0.223807	2|2	0.212202
chr22	51000000	51250000	P5_DCIS	1|1	0.321431	3|2	0.396043	3|2	0.282526
chr22	51000000	51250000	P5_INV	1|1	0.563992	3|2	0.223807	3|2	0.212202
chr3	250000	500000	P5_DCIS	1|1	0.321431	3|2	0.396043	3|2	0.282526
chr3	250000	500000	P5_INV	1|1	0.563992	3|2	0.223807	3|2	0.212202
chr3	1250000	1500000	P5_DCIS	1|1	0.321431	3|2	0.396043	3|2	0.282526
chr3	1250000	1500000	P5_INV	1|1	0.563992	3|2	0.223807	3|2	0.212202
chr3	2250000	2500000	P5_DCIS	1|1	0.321431	3|2	0.396043	3|2	0.282526
chr3	2250000	2500000	P5_INV	1|1	0.563992	3|2	0.223807	3|2	0.212202
chr3	2750000	3000000	P5_DCIS	1|1	0.321431	3|2	0.396043	3|2	0.282526
chr3	2750000	3000000	P5_INV	1|1	0.563992	3|2	0.223807	3|2	0.212202
chr3	3000000	3250000	P5_DCIS	1|1	0.321431	5|2	0.396043	2|2	0.282526
chr3	3000000	3250000	P5_INV	1|1	0.563992	5|2	0.223807	2|2	0.212202
chr3	3750000	4500000	P5_DCIS	1|1	0.321431	3|2	0.396043	3|2	0.282526
chr3	3750000	4500000	P5_INV	1|1	0.563992	3|2	0.223807	3|2	0.212202
chr3	4500000	5000000	P5_DCIS	1|1	0.321431	5|2	0.396043	2|2	0.282526
chr3	4500000	5000000	P5_INV	1|1	0.563992	5|2	0.223807	2|2	0.212202
chr3	5500000	5750000	P5_DCIS	1|1	0.321431	3|2	0.396043	3|2	0.282526
chr3	5500000	5750000	P5_INV	1|1	0.563992	3|2	0.223807	3|2	0.212202
chr3	6750000	7000000	P5_DCIS	1|1	0.321431	3|2	0.396043	3|2	0.282526
chr3	6750000	7000000	P5_INV	1|1	0.563992	3|2	0.223807	3|2	0.212202
chr3	7250000	7750000	P5_DCIS	1|1	0.321431	3|2	0.396043	3|2	0.282526
chr3	7250000	7750000	P5_INV	1|1	0.563992	3|2	0.223807	3|2	0.212202
chr3	8000000	8250000	P5_DCIS	1|1	0.321431	2|2	0.396043	3|0	0.282526
chr3	8000000	8250000	P5_INV	1|1	0.563992	2|2	0.223807	3|0	0.212202
chr3	8500000	9250000	P5_DCIS	1|1	0.321431	5|2	0.396043	2|2	0.282526
chr3	8500000	9250000	P5_INV	1|1	0.563992	5|2	0.223807	2|2	0.212202
chr3	9250000	9500000	P5_DCIS	1|1	0.321431	3|2	0.396043	3|2	0.282526
chr3	9250000	9500000	P5_INV	1|1	0.563992	3|2	0.223807	3|2	0.212202
chr3	9500000	10000000	P5_DCIS	1|1	0.321431	5|2	0.396043	2|2	0.282526
chr3	9500000	10000000	P5_INV	1|1	0.563992	5|2	0.223807	2|2	0.212202
chr3	10000000	10250000	P5_DCIS	1|1	0.321431	3|2	0.396043	3|2	0.282526
chr3	10000000	10250000	P5_INV	1|1	0.563992	3|2	0.223807	3|2	0.212202
chr3	10250000	10500000	P5_DCIS	1|1	0.321431	5|2	0.396043	2|2	0.282526
chr3	10250000	10500000	P5_INV	1|1	0.563992	5|2	0.223807	2|2	0.212202
chr3	10750000	11000000	P5_DCIS	1|1	0.321431	3|2	0.396043	3|2	0.282526
chr3	10750000	11000000	P5_INV	1|1	0.563992	3|2	0.223807	3|2	0.212202
chr3	11000000	11250000	P5_DCIS	1|1	0.321431	5|2	0.396043	2|2	0.282526
chr3	11000000	11250000	P5_INV	1|1	0.563992	5|2	0.223807	2|2	0.212202
chr3	11250000	11500000	P5_DCIS	1|1	0.321431	3|2	0.396043	3|2	0.282526
chr3	11250000	11500000	P5_INV	1|1	0.563992	3|2	0.223807	3|2	0.212202
chr3	11500000	11750000	P5_DCIS	1|1	0.321431	5|2	0.396043	2|2	0.282526
chr3	11500000	11750000	P5_INV	1|1	0.563992	5|2	0.223807	2|2	0.212202
chr3	11750000	12000000	P5_DCIS	1|1	0.321431	4|4	0.396043	2|2	0.282526
chr3	11750000	12000000	P5_INV	1|1	0.563992	4|4	0.223807	2|2	0.212202
chr3	12000000	12250000	P5_DCIS	1|1	0.321431	5|2	0.396043	2|2	0.282526
chr3	12000000	12250000	P5_INV	1|1	0.563992	5|2	0.223807	2|2	0.212202
chr3	12250000	12750000	P5_DCIS	1|1	0.321431	3|2	0.396043	3|2	0.282526
chr3	12250000	12750000	P5_INV	1|1	0.563992	3|2	0.223807	3|2	0.212202
chr3	12750000	13000000	P5_DCIS	1|1	0.321431	5|2	0.396043	2|2	0.282526
chr3	12750000	13000000	P5_INV	1|1	0.563992	5|2	0.223807	2|2	0.212202
chr3	13000000	13250000	P5_DCIS	1|1	0.321431	5|1	0.396043	3|1	0.282526
chr3	13000000	13250000	P5_INV	1|1	0.563992	5|1	0.223807	3|1	0.212202
chr3	13250000	13750000	P5_DCIS	1|1	0.321431	5|2	0.396043	2|2	0.282526
chr3	13250000	13750000	P5_INV	1|1	0.563992	5|2	0.223807	2|2	0.212202
chr3	13750000	14000000	P5_DCIS	1|1	0.321431	3|1	0.396043	3|1	0.282526
chr3	13750000	14000000	P5_INV	1|1	0.563992	3|1	0.223807	3|1	0.212202
chr3	14000000	14250000	P5_DCIS	1|1	0.321431	5|2	0.396043	2|2	0.282526
chr3	14000000	14250000	P5_INV	1|1	0.563992	5|2	0.223807	2|2	0.212202
chr3	14250000	14500000	P5_DCIS	1|1	0.321431	3|2	0.396043	3|2	0.282526
chr3	14250000	14500000	P5_INV	1|1	0.563992	3|2	0.223807	3|2	0.212202
chr3	14500000	14750000	P5_DCIS	1|1	0.321431	5|2	0.396043	2|2	0.282526
chr3	14500000	14750000	P5_INV	1|1	0.563992	5|2	0.223807	2|2	0.212202
chr3	14750000	15000000	P5_DCIS	1|1	0.321431	2|2	0.396043	6|1	0.282526
chr3	14750000	15000000	P5_INV	1|1	0.563992	2|2	0.223807	6|1	0.212202
chr3	15000000	15250000	P5_DCIS	1|1	0.321431	3|2	0.396043	3|2	0.282526
chr3	15000000	15250000	P5_INV	1|1	0.563992	3|2	0.223807	3|2	0.212202
chr3	15250000	15500000	P5_DCIS	1|1	0.321431	5|2	0.396043	2|2	0.282526
chr3	15250000	15500000	P5_INV	1|1	0.563992	5|2	0.223807	2|2	0.212202
chr3	15500000	16000000	P5_DCIS	1|1	0.321431	3|2	0.396043	3|2	0.282526
chr3	15500000	16000000	P5_INV	1|1	0.563992	3|2	0.223807	3|2	0.212202
chr3	16000000	16500000	P5_DCIS	1|1	0.321431	5|2	0.396043	2|2	0.282526
chr3	16000000	16500000	P5_INV	1|1	0.563992	5|2	0.223807	2|2	0.212202
chr3	16500000	16750000	P5_DCIS	1|1	0.321431	3|2	0.396043	3|2	0.282526
chr3	16500000	16750000	P5_INV	1|1	0.563992	3|2	0.223807	3|2	0.212202
chr3	17000000	17250000	P5_DCIS	1|1	0.321431	5|2	0.396043	2|2	0.282526
chr3	17000000	17250000	P5_INV	1|1	0.563992	5|2	0.223807	2|2	0.212202
chr3	17250000	17500000	P5_DCIS	1|1	0.321431	3|2	0.396043	3|2	0.282526
chr3	17250000	17500000	P5_INV	1|1	0.563992	3|2	0.223807	3|2	0.212202
chr3	18250000	18500000	P5_DCIS	1|1	0.321431	3|2	0.396043	3|2	0.282526
chr3	18250000	18500000	P5_INV	1|1	0.563992	3|2	0.223807	3|2	0.212202
chr3	18500000	18750000	P5_DCIS	1|1	0.321431	2|2	0.396043	2|2	0.282526
chr3	18500000	18750000	P5_INV	1|1	0.563992	2|2	0.223807	2|2	0.212202
chr3	19250000	19500000	P5_DCIS	1|1	0.321431	2|2	0.396043	2|2	0.282526
chr3	19250000	19500000	P5_INV	1|1	0.563992	2|2	0.223807	2|2	0.212202
chr3	19750000	20000000	P5_DCIS	1|1	0.321431	3|2	0.396043	3|2	0.282526
chr3	19750000	20000000	P5_INV	1|1	0.563992	3|2	0.223807	3|2	0.212202
chr3	20000000	20250000	P5_DCIS	1|1	0.321431	5|2	0.396043	2|2	0.282526
chr3	20000000	20250000	P5_INV	1|1	0.563992	5|2	0.223807	2|2	0.212202
chr3	21250000	21500000	P5_DCIS	1|1	0.321431	3|2	0.396043	3|2	0.282526
chr3	21250000	21500000	P5_INV	1|1	0.563992	3|2	0.223807	3|2	0.212202
chr3	22250000	22500000	P5_DCIS	1|1	0.321431	3|2	0.396043	3|2	0.282526
chr3	22250000	22500000	P5_INV	1|1	0.563992	3|2	0.223807	3|2	0.212202
chr3	22500000	22750000	P5_DCIS	1|1	0.321431	3|1	0.396043	3|1	0.282526
chr3	22500000	22750000	P5_INV	1|1	0.563992	3|1	0.223807	3|1	0.212202
chr3	23000000	23250000	P5_DCIS	1|1	0.321431	5|2	0.396043	2|2	0.282526
chr3	23000000	23250000	P5_INV	1|1	0.563992	5|2	0.223807	2|2	0.212202
chr3	23500000	23750000	P5_DCIS	1|1	0.321431	2|2	0.396043	6|1	0.282526
chr3	23500000	23750000	P5_INV	1|1	0.563992	2|2	0.223807	6|1	0.212202
chr3	23750000	24000000	P5_DCIS	1|1	0.321431	4|4	0.396043	2|2	0.282526
chr3	23750000	24000000	P5_INV	1|1	0.563992	4|4	0.223807	2|2	0.212202
chr3	24000000	24250000	P5_DCIS	1|1	0.321431	5|2	0.396043	2|2	0.282526
chr3	24000000	24250000	P5_INV	1|1	0.563992	5|2	0.223807	2|2	0.212202
chr3	25500000	25750000	P5_DCIS	1|1	0.321431	5|2	0.396043	2|2	0.282526
chr3	25500000	25750000	P5_INV	1|1	0.563992	5|2	0.223807	2|2	0.212202
chr3	25750000	26250000	P5_DCIS	1|1	0.321431	3|2	0.396043	3|2	0.282526
chr3	25750000	26250000	P5_INV	1|1	0.563992	3|2	0.223807	3|2	0.212202
chr3	26750000	27000000	P5_DCIS	1|1	0.321431	3|2	0.396043	3|2	0.282526
chr3	26750000	27000000	P5_INV	1|1	0.563992	3|2	0.223807	3|2	0.212202
chr3	27000000	27250000	P5_DCIS	1|1	0.321431	3|1	0.396043	3|1	0.282526
chr3	27000000	27250000	P5_INV	1|1	0.563992	3|1	0.223807	3|1	0.212202
chr3	27750000	28000000	P5_DCIS	1|1	0.321431	2|1	0.396043	5|0	0.282526
chr3	27750000	28000000	P5_INV	1|1	0.563992	2|1	0.223807	5|0	0.212202
chr3	28500000	28750000	P5_DCIS	1|1	0.321431	5|2	0.396043	2|2	0.282526
chr3	28500000	28750000	P5_INV	1|1	0.563992	5|2	0.223807	2|2	0.212202
chr3	29500000	29750000	P5_DCIS	1|1	0.321431	3|2	0.396043	3|2	0.282526
chr3	29500000	29750000	P5_INV	1|1	0.563992	3|2	0.223807	3|2	0.212202
chr3	29750000	30000000	P5_DCIS	1|1	0.321431	2|1	0.396043	5|0	0.282526
chr3	29750000	30000000	P5_INV	1|1	0.563992	2|1	0.223807	5|0	0.212202
chr3	30000000	30250000	P5_DCIS	1|1	0.321431	3|2	0.396043	3|2	0.282526
chr3	30000000	30250000	P5_INV	1|1	0.563992	3|2	0.223807	3|2	0.212202
chr3	30250000	30500000	P5_DCIS	1|1	0.321431	2|1	0.396043	5|0	0.282526
chr3	30250000	30500000	P5_INV	1|1	0.563992	2|1	0.223807	5|0	0.212202
chr3	30500000	30750000	P5_DCIS	1|1	0.321431	5|2	0.396043	4|2	0.282526
chr3	30500000	30750000	P5_INV	1|1	0.563992	5|2	0.223807	4|2	0.212202
chr3	31000000	31250000	P5_DCIS	1|1	0.321431	2|1	0.396043	5|0	0.282526
chr3	31000000	31250000	P5_INV	1|1	0.563992	2|1	0.223807	5|0	0.212202
chr3	31250000	31500000	P5_DCIS	1|1	0.321431	3|2	0.396043	3|2	0.282526
chr3	31250000	31500000	P5_INV	1|1	0.563992	3|2	0.223807	3|2	0.212202
chr3	31500000	31750000	P5_DCIS	1|1	0.321431	5|2	0.396043	2|2	0.282526
chr3	31500000	31750000	P5_INV	1|1	0.563992	5|2	0.223807	2|2	0.212202
chr3	32000000	32250000	P5_DCIS	1|1	0.321431	3|2	0.396043	3|2	0.282526
chr3	32000000	32250000	P5_INV	1|1	0.563992	3|2	0.223807	3|2	0.212202
chr3	32250000	32750000	P5_DCIS	1|1	0.321431	5|2	0.396043	2|2	0.282526
chr3	32250000	32750000	P5_INV	1|1	0.563992	5|2	0.223807	2|2	0.212202
chr3	32750000	33000000	P5_DCIS	1|1	0.321431	3|2	0.396043	3|2	0.282526
chr3	32750000	33000000	P5_INV	1|1	0.563992	3|2	0.223807	3|2	0.212202
chr3	33000000	34000000	P5_DCIS	1|1	0.321431	5|2	0.396043	2|2	0.282526
chr3	33000000	34000000	P5_INV	1|1	0.563992	5|2	0.223807	2|2	0.212202
chr3	34750000	35000000	P5_DCIS	1|1	0.321431	2|2	0.396043	3|0	0.282526
chr3	34750000	35000000	P5_INV	1|1	0.563992	2|2	0.223807	3|0	0.212202
chr3	35500000	35750000	P5_DCIS	1|1	0.321431	3|1	0.396043	3|1	0.282526
chr3	35500000	35750000	P5_INV	1|1	0.563992	3|1	0.223807	3|1	0.212202
chr3	36500000	36750000	P5_DCIS	1|1	0.321431	3|1	0.396043	3|1	0.282526
chr3	36500000	36750000	P5_INV	1|1	0.563992	3|1	0.223807	3|1	0.212202
chr3	36750000	37000000	P5_DCIS	1|1	0.321431	3|2	0.396043	3|2	0.282526
chr3	36750000	37000000	P5_INV	1|1	0.563992	3|2	0.223807	3|2	0.212202
chr3	37000000	37500000	P5_DCIS	1|1	0.321431	4|4	0.396043	2|2	0.282526
chr3	37000000	37500000	P5_INV	1|1	0.563992	4|4	0.223807	2|2	0.212202
chr3	37500000	37750000	P5_DCIS	1|1	0.321431	5|2	0.396043	2|2	0.282526
chr3	37500000	37750000	P5_INV	1|1	0.563992	5|2	0.223807	2|2	0.212202
chr3	37750000	38000000	P5_DCIS	1|1	0.321431	3|2	0.396043	3|2	0.282526
chr3	37750000	38000000	P5_INV	1|1	0.563992	3|2	0.223807	3|2	0.212202
chr3	38000000	38750000	P5_DCIS	1|1	0.321431	5|2	0.396043	2|2	0.282526
chr3	38000000	38750000	P5_INV	1|1	0.563992	5|2	0.223807	2|2	0.212202
chr3	38750000	39000000	P5_DCIS	1|1	0.321431	3|2	0.396043	3|2	0.282526
chr3	38750000	39000000	P5_INV	1|1	0.563992	3|2	0.223807	3|2	0.212202
chr3	39000000	39500000	P5_DCIS	1|1	0.321431	5|2	0.396043	2|2	0.282526
chr3	39000000	39500000	P5_INV	1|1	0.563992	5|2	0.223807	2|2	0.212202
chr3	39500000	39750000	P5_DCIS	1|1	0.321431	3|2	0.396043	3|2	0.282526
chr3	39500000	39750000	P5_INV	1|1	0.563992	3|2	0.223807	3|2	0.212202
chr3	40000000	40250000	P5_DCIS	1|1	0.321431	3|2	0.396043	3|2	0.282526
chr3	40000000	40250000	P5_INV	1|1	0.563992	3|2	0.223807	3|2	0.212202
chr3	40250000	40500000	P5_DCIS	1|1	0.321431	5|2	0.396043	2|2	0.282526
chr3	40250000	40500000	P5_INV	1|1	0.563992	5|2	0.223807	2|2	0.212202
chr3	41000000	41250000	P5_DCIS	1|1	0.321431	3|2	0.396043	3|2	0.282526
chr3	41000000	41250000	P5_INV	1|1	0.563992	3|2	0.223807	3|2	0.212202
chr3	41250000	42500000	P5_DCIS	1|1	0.321431	5|2	0.396043	2|2	0.282526
chr3	41250000	42500000	P5_INV	1|1	0.563992	5|2	0.223807	2|2	0.212202
chr3	43250000	43500000	P5_DCIS	1|1	0.321431	2|1	0.396043	5|0	0.282526
chr3	43250000	43500000	P5_INV	1|1	0.563992	2|1	0.223807	5|0	0.212202
chr3	44250000	45000000	P5_DCIS	1|1	0.321431	5|2	0.396043	2|2	0.282526
chr3	44250000	45000000	P5_INV	1|1	0.563992	5|2	0.223807	2|2	0.212202
chr3	45000000	45250000	P5_DCIS	1|1	0.321431	3|2	0.396043	3|2	0.282526
chr3	45000000	45250000	P5_INV	1|1	0.563992	3|2	0.223807	3|2	0.212202
chr3	45500000	48000000	P5_DCIS	1|1	0.321431	5|2	0.396043	2|2	0.282526
chr3	45500000	48000000	P5_INV	1|1	0.563992	5|2	0.223807	2|2	0.212202
chr3	48000000	48250000	P5_DCIS	1|1	0.321431	5|2	0.396043	4|2	0.282526
chr3	48000000	48250000	P5_INV	1|1	0.563992	5|2	0.223807	4|2	0.212202
chr3	48250000	48750000	P5_DCIS	1|1	0.321431	5|2	0.396043	2|2	0.282526
chr3	48250000	48750000	P5_INV	1|1	0.563992	5|2	0.223807	2|2	0.212202
chr3	48750000	49000000	P5_DCIS	1|1	0.321431	3|2	0.396043	3|2	0.282526
chr3	48750000	49000000	P5_INV	1|1	0.563992	3|2	0.223807	3|2	0.212202
chr3	49000000	49250000	P5_DCIS	1|1	0.321431	4|4	0.396043	2|2	0.282526
chr3	49000000	49250000	P5_INV	1|1	0.563992	4|4	0.223807	2|2	0.212202
chr3	49250000	49750000	P5_DCIS	1|1	0.321431	3|2	0.396043	3|2	0.282526
chr3	49250000	49750000	P5_INV	1|1	0.563992	3|2	0.223807	3|2	0.212202
chr3	49750000	50000000	P5_DCIS	1|1	0.321431	2|1	0.396043	5|0	0.282526
chr3	49750000	50000000	P5_INV	1|1	0.563992	2|1	0.223807	5|0	0.212202
chr3	50000000	50250000	P5_DCIS	1|1	0.321431	3|2	0.396043	3|2	0.282526
chr3	50000000	50250000	P5_INV	1|1	0.563992	3|2	0.223807	3|2	0.212202
chr3	50250000	50750000	P5_DCIS	1|1	0.321431	4|4	0.396043	4|3	0.282526
chr3	50250000	50750000	P5_INV	1|1	0.563992	4|4	0.223807	4|3	0.212202
chr3	50750000	51000000	P5_DCIS	1|1	0.321431	3|2	0.396043	3|2	0.282526
chr3	50750000	51000000	P5_INV	1|1	0.563992	3|2	0.223807	3|2	0.212202
chr3	51250000	51500000	P5_DCIS	1|1	0.321431	3|2	0.396043	3|2	0.282526
chr3	51250000	51500000	P5_INV	1|1	0.563992	3|2	0.223807	3|2	0.212202
chr3	51750000	52000000	P5_DCIS	1|1	0.321431	5|2	0.396043	2|2	0.282526
chr3	51750000	52000000	P5_INV	1|1	0.563992	5|2	0.223807	2|2	0.212202
chr3	52000000	52750000	P5_DCIS	1|1	0.321431	3|2	0.396043	3|2	0.282526
chr3	52000000	52750000	P5_INV	1|1	0.563992	3|2	0.223807	3|2	0.212202
chr3	52750000	53250000	P5_DCIS	1|1	0.321431	5|2	0.396043	2|2	0.282526
chr3	52750000	53250000	P5_INV	1|1	0.563992	5|2	0.223807	2|2	0.212202
chr3	53750000	54000000	P5_DCIS	1|1	0.321431	3|2	0.396043	3|2	0.282526
chr3	53750000	54000000	P5_INV	1|1	0.563992	3|2	0.223807	3|2	0.212202
chr3	54000000	54250000	P5_DCIS	1|1	0.321431	2|1	0.396043	2|1	0.282526
chr3	54000000	54250000	P5_INV	1|1	0.563992	2|1	0.223807	2|1	0.212202
chr3	54500000	55250000	P5_DCIS	1|1	0.321431	3|2	0.396043	3|2	0.282526
chr3	54500000	55250000	P5_INV	1|1	0.563992	3|2	0.223807	3|2	0.212202
chr3	55500000	56250000	P5_DCIS	1|1	0.321431	3|2	0.396043	3|2	0.282526
chr3	55500000	56250000	P5_INV	1|1	0.563992	3|2	0.223807	3|2	0.212202
chr3	56750000	59000000	P5_DCIS	1|1	0.321431	3|2	0.396043	3|2	0.282526
chr3	56750000	59000000	P5_INV	1|1	0.563992	3|2	0.223807	3|2	0.212202
chr3	59500000	59750000	P5_DCIS	1|1	0.321431	2|2	0.396043	3|0	0.282526
chr3	59500000	59750000	P5_INV	1|1	0.563992	2|2	0.223807	3|0	0.212202
chr3	59750000	60000000	P5_DCIS	1|1	0.321431	2|1	0.396043	5|0	0.282526
chr3	59750000	60000000	P5_INV	1|1	0.563992	2|1	0.223807	5|0	0.212202
chr3	61500000	61750000	P5_DCIS	1|1	0.321431	2|2	0.396043	2|2	0.282526
chr3	61500000	61750000	P5_INV	1|1	0.563992	2|2	0.223807	2|2	0.212202
chr3	62000000	62500000	P5_DCIS	1|1	0.321431	3|2	0.396043	3|2	0.282526
chr3	62000000	62500000	P5_INV	1|1	0.563992	3|2	0.223807	3|2	0.212202
chr3	62500000	62750000	P5_DCIS	1|1	0.321431	2|2	0.396043	2|2	0.282526
chr3	62500000	62750000	P5_INV	1|1	0.563992	2|2	0.223807	2|2	0.212202
chr3	62750000	63000000	P5_DCIS	1|1	0.321431	3|2	0.396043	3|2	0.282526
chr3	62750000	63000000	P5_INV	1|1	0.563992	3|2	0.223807	3|2	0.212202
chr3	63250000	63750000	P5_DCIS	1|1	0.321431	2|2	0.396043	2|2	0.282526
chr3	63250000	63750000	P5_INV	1|1	0.563992	2|2	0.223807	2|2	0.212202
chr3	63750000	64250000	P5_DCIS	1|1	0.321431	3|2	0.396043	3|2	0.282526
chr3	63750000	64250000	P5_INV	1|1	0.563992	3|2	0.223807	3|2	0.212202
chr3	64500000	64750000	P5_DCIS	1|1	0.321431	3|2	0.396043	3|2	0.282526
chr3	64500000	64750000	P5_INV	1|1	0.563992	3|2	0.223807	3|2	0.212202
chr3	65250000	65500000	P5_DCIS	1|1	0.321431	2|2	0.396043	2|2	0.282526
chr3	65250000	65500000	P5_INV	1|1	0.563992	2|2	0.223807	2|2	0.212202
chr3	66250000	66500000	P5_DCIS	1|1	0.321431	3|2	0.396043	3|2	0.282526
chr3	66250000	66500000	P5_INV	1|1	0.563992	3|2	0.223807	3|2	0.212202
chr3	67500000	67750000	P5_DCIS	1|1	0.321431	3|2	0.396043	3|2	0.282526
chr3	67500000	67750000	P5_INV	1|1	0.563992	3|2	0.223807	3|2	0.212202
chr3	68000000	68250000	P5_DCIS	1|1	0.321431	2|2	0.396043	2|2	0.282526
chr3	68000000	68250000	P5_INV	1|1	0.563992	2|2	0.223807	2|2	0.212202
chr3	68500000	68750000	P5_DCIS	1|1	0.321431	2|2	0.396043	2|2	0.282526
chr3	68500000	68750000	P5_INV	1|1	0.563992	2|2	0.223807	2|2	0.212202
chr3	69000000	69250000	P5_DCIS	1|1	0.321431	3|2	0.396043	3|2	0.282526
chr3	69000000	69250000	P5_INV	1|1	0.563992	3|2	0.223807	3|2	0.212202
chr3	69500000	69750000	P5_DCIS	1|1	0.321431	2|2	0.396043	2|2	0.282526
chr3	69500000	69750000	P5_INV	1|1	0.563992	2|2	0.223807	2|2	0.212202
chr3	70250000	70500000	P5_DCIS	1|1	0.321431	3|1	0.396043	3|1	0.282526
chr3	70250000	70500000	P5_INV	1|1	0.563992	3|1	0.223807	3|1	0.212202
chr3	70500000	70750000	P5_DCIS	1|1	0.321431	3|2	0.396043	3|2	0.282526
chr3	70500000	70750000	P5_INV	1|1	0.563992	3|2	0.223807	3|2	0.212202
chr3	71000000	71250000	P5_DCIS	1|1	0.321431	2|2	0.396043	6|1	0.282526
chr3	71000000	71250000	P5_INV	1|1	0.563992	2|2	0.223807	6|1	0.212202
chr3	71500000	71750000	P5_DCIS	1|1	0.321431	3|2	0.396043	3|2	0.282526
chr3	71500000	71750000	P5_INV	1|1	0.563992	3|2	0.223807	3|2	0.212202
chr3	72000000	72250000	P5_DCIS	1|1	0.321431	2|2	0.396043	2|2	0.282526
chr3	72000000	72250000	P5_INV	1|1	0.563992	2|2	0.223807	2|2	0.212202
chr3	72750000	73500000	P5_DCIS	1|1	0.321431	3|2	0.396043	3|2	0.282526
chr3	72750000	73500000	P5_INV	1|1	0.563992	3|2	0.223807	3|2	0.212202
chr3	74000000	74500000	P5_DCIS	1|1	0.321431	3|2	0.396043	3|2	0.282526
chr3	74000000	74500000	P5_INV	1|1	0.563992	3|2	0.223807	3|2	0.212202
chr3	75250000	75500000	P5_DCIS	1|1	0.321431	3|2	0.396043	3|2	0.282526
chr3	75250000	75500000	P5_INV	1|1	0.563992	3|2	0.223807	3|2	0.212202
chr3	75500000	75750000	P5_DCIS	1|1	0.321431	2|2	0.396043	2|2	0.282526
chr3	75500000	75750000	P5_INV	1|1	0.563992	2|2	0.223807	2|2	0.212202
chr3	75750000	76000000	P5_DCIS	1|1	0.321431	3|1	0.396043	3|1	0.282526
chr3	75750000	76000000	P5_INV	1|1	0.563992	3|1	0.223807	3|1	0.212202
chr3	77250000	77500000	P5_DCIS	1|1	0.321431	2|2	0.396043	3|0	0.282526
chr3	77250000	77500000	P5_INV	1|1	0.563992	2|2	0.223807	3|0	0.212202
chr3	77500000	77750000	P5_DCIS	1|1	0.321431	2|1	0.396043	2|1	0.282526
chr3	77500000	77750000	P5_INV	1|1	0.563992	2|1	0.223807	2|1	0.212202
chr3	78500000	78750000	P5_DCIS	1|1	0.321431	3|2	0.396043	3|2	0.282526
chr3	78500000	78750000	P5_INV	1|1	0.563992	3|2	0.223807	3|2	0.212202
chr3	78750000	79000000	P5_DCIS	1|1	0.321431	2|1	0.396043	5|0	0.282526
chr3	78750000	79000000	P5_INV	1|1	0.563992	2|1	0.223807	5|0	0.212202
chr3	82750000	83000000	P5_DCIS	1|1	0.321431	3|2	0.396043	3|2	0.282526
chr3	82750000	83000000	P5_INV	1|1	0.563992	3|2	0.223807	3|2	0.212202
chr3	83500000	83750000	P5_DCIS	1|1	0.321431	2|2	0.396043	3|0	0.282526
chr3	83500000	83750000	P5_INV	1|1	0.563992	2|2	0.223807	3|0	0.212202
chr3	86000000	86250000	P5_DCIS	1|1	0.321431	3|2	0.396043	3|2	0.282526
chr3	86000000	86250000	P5_INV	1|1	0.563992	3|2	0.223807	3|2	0.212202
chr3	87250000	87500000	P5_DCIS	1|1	0.321431	3|2	0.396043	3|2	0.282526
chr3	87250000	87500000	P5_INV	1|1	0.563992	3|2	0.223807	3|2	0.212202
chr3	88000000	88250000	P5_DCIS	1|1	0.321431	2|2	0.396043	2|2	0.282526
chr3	88000000	88250000	P5_INV	1|1	0.563992	2|2	0.223807	2|2	0.212202
chr3	88750000	89000000	P5_DCIS	1|1	0.321431	3|2	0.396043	3|2	0.282526
chr3	88750000	89000000	P5_INV	1|1	0.563992	3|2	0.223807	3|2	0.212202
chr3	89250000	89750000	P5_DCIS	1|1	0.321431	3|2	0.396043	3|2	0.282526
chr3	89250000	89750000	P5_INV	1|1	0.563992	3|2	0.223807	3|2	0.212202
chr3	90250000	90500000	P5_DCIS	1|1	0.321431	3|2	0.396043	3|2	0.282526
chr3	90250000	90500000	P5_INV	1|1	0.563992	3|2	0.223807	3|2	0.212202
chr3	93500000	93750000	P5_DCIS	1|1	0.321431	4|4	0.396043	2|2	0.282526
chr3	93500000	93750000	P5_INV	1|1	0.563992	4|4	0.223807	2|2	0.212202
chr3	93750000	94000000	P5_DCIS	1|1	0.321431	3|2	0.396043	3|2	0.282526
chr3	93750000	94000000	P5_INV	1|1	0.563992	3|2	0.223807	3|2	0.212202
chr3	95250000	95500000	P5_DCIS	1|1	0.321431	3|2	0.396043	3|2	0.282526
chr3	95250000	95500000	P5_INV	1|1	0.563992	3|2	0.223807	3|2	0.212202
chr3	97250000	98000000	P5_DCIS	1|1	0.321431	3|2	0.396043	3|2	0.282526
chr3	97250000	98000000	P5_INV	1|1	0.563992	3|2	0.223807	3|2	0.212202
chr3	98000000	98250000	P5_DCIS	1|1	0.321431	2|2	0.396043	2|2	0.282526
chr3	98000000	98250000	P5_INV	1|1	0.563992	2|2	0.223807	2|2	0.212202
chr3	98250000	98750000	P5_DCIS	1|1	0.321431	3|2	0.396043	3|2	0.282526
chr3	98250000	98750000	P5_INV	1|1	0.563992	3|2	0.223807	3|2	0.212202
chr3	99500000	101500000	P5_DCIS	1|1	0.321431	3|2	0.396043	3|2	0.282526
chr3	99500000	101500000	P5_INV	1|1	0.563992	3|2	0.223807	3|2	0.212202
chr3	101500000	101750000	P5_DCIS	1|1	0.321431	4|4	0.396043	2|2	0.282526
chr3	101500000	101750000	P5_INV	1|1	0.563992	4|4	0.223807	2|2	0.212202
chr3	102000000	102250000	P5_DCIS	1|1	0.321431	3|2	0.396043	3|2	0.282526
chr3	102000000	102250000	P5_INV	1|1	0.563992	3|2	0.223807	3|2	0.212202
chr3	103750000	104000000	P5_DCIS	1|1	0.321431	3|2	0.396043	3|2	0.282526
chr3	103750000	104000000	P5_INV	1|1	0.563992	3|2	0.223807	3|2	0.212202
chr3	104000000	104250000	P5_DCIS	1|1	0.321431	4|4	0.396043	2|2	0.282526
chr3	104000000	104250000	P5_INV	1|1	0.563992	4|4	0.223807	2|2	0.212202
chr3	105000000	105250000	P5_DCIS	1|1	0.321431	9|1	0.396043	2|1	0.282526
chr3	105000000	105250000	P5_INV	1|1	0.563992	9|1	0.223807	2|1	0.212202
chr3	105250000	105500000	P5_DCIS	1|1	0.321431	3|2	0.396043	3|2	0.282526
chr3	105250000	105500000	P5_INV	1|1	0.563992	3|2	0.223807	3|2	0.212202
chr3	105500000	105750000	P5_DCIS	1|1	0.321431	5|2	0.396043	4|2	0.282526
chr3	105500000	105750000	P5_INV	1|1	0.563992	5|2	0.223807	4|2	0.212202
chr3	106250000	106500000	P5_DCIS	1|1	0.321431	9|2	0.396043	2|4	0.282526
chr3	106250000	106500000	P5_INV	1|1	0.563992	9|2	0.223807	2|4	0.212202
chr3	106750000	107000000	P5_DCIS	1|1	0.321431	4|4	0.396043	2|2	0.282526
chr3	106750000	107000000	P5_INV	1|1	0.563992	4|4	0.223807	2|2	0.212202
chr3	107000000	107250000	P5_DCIS	1|1	0.321431	7|4	0.396043	3|2	0.282526
chr3	107000000	107250000	P5_INV	1|1	0.563992	7|4	0.223807	3|2	0.212202
chr3	107250000	107500000	P5_DCIS	1|1	0.321431	5|2	0.396043	4|2	0.282526
chr3	107250000	107500000	P5_INV	1|1	0.563992	5|2	0.223807	4|2	0.212202
chr3	107500000	108500000	P5_DCIS	1|1	0.321431	7|4	0.396043	3|2	0.282526
chr3	107500000	108500000	P5_INV	1|1	0.563992	7|4	0.223807	3|2	0.212202
chr3	108500000	108750000	P5_DCIS	1|1	0.321431	4|4	0.396043	2|2	0.282526
chr3	108500000	108750000	P5_INV	1|1	0.563992	4|4	0.223807	2|2	0.212202
chr3	108750000	109250000	P5_DCIS	1|1	0.321431	7|4	0.396043	3|2	0.282526
chr3	108750000	109250000	P5_INV	1|1	0.563992	7|4	0.223807	3|2	0.212202
chr3	109500000	109750000	P5_DCIS	1|1	0.321431	3|1	0.396043	3|1	0.282526
chr3	109500000	109750000	P5_INV	1|1	0.563992	3|1	0.223807	3|1	0.212202
chr3	110250000	110500000	P5_DCIS	1|1	0.321431	3|1	0.396043	3|1	0.282526
chr3	110250000	110500000	P5_INV	1|1	0.563992	3|1	0.223807	3|1	0.212202
chr3	111250000	111500000	P5_DCIS	1|1	0.321431	9|3	0.396043	10|2	0.282526
chr3	111250000	111500000	P5_INV	1|1	0.563992	9|3	0.223807	10|2	0.212202
chr3	111500000	112250000	P5_DCIS	1|1	0.321431	7|4	0.396043	3|2	0.282526
chr3	111500000	112250000	P5_INV	1|1	0.563992	7|4	0.223807	3|2	0.212202
chr3	112250000	112500000	P5_DCIS	1|1	0.321431	9|3	0.396043	10|2	0.282526
chr3	112250000	112500000	P5_INV	1|1	0.563992	9|3	0.223807	10|2	0.212202
chr3	112500000	112750000	P5_DCIS	1|1	0.321431	7|4	0.396043	3|2	0.282526
chr3	112500000	112750000	P5_INV	1|1	0.563992	7|4	0.223807	3|2	0.212202
chr3	113250000	113500000	P5_DCIS	1|1	0.321431	9|2	0.396043	2|4	0.282526
chr3	113250000	113500000	P5_INV	1|1	0.563992	9|2	0.223807	2|4	0.212202
chr3	113500000	114000000	P5_DCIS	1|1	0.321431	9|3	0.396043	10|2	0.282526
chr3	113500000	114000000	P5_INV	1|1	0.563992	9|3	0.223807	10|2	0.212202
chr3	114000000	114250000	P5_DCIS	1|1	0.321431	9|2	0.396043	2|4	0.282526
chr3	114000000	114250000	P5_INV	1|1	0.563992	9|2	0.223807	2|4	0.212202
chr3	115500000	115750000	P5_DCIS	1|1	0.321431	8|2	0.396043	2|2	0.282526
chr3	115500000	115750000	P5_INV	1|1	0.563992	8|2	0.223807	2|2	0.212202
chr3	116250000	116500000	P5_DCIS	1|1	0.321431	9|1	0.396043	2|1	0.282526
chr3	116250000	116500000	P5_INV	1|1	0.563992	9|1	0.223807	2|1	0.212202
chr3	116500000	116750000	P5_DCIS	1|1	0.321431	8|2	0.396043	2|2	0.282526
chr3	116500000	116750000	P5_INV	1|1	0.563992	8|2	0.223807	2|2	0.212202
chr3	118750000	120250000	P5_DCIS	1|1	0.321431	8|2	0.396043	2|2	0.282526
chr3	118750000	120250000	P5_INV	1|1	0.563992	8|2	0.223807	2|2	0.212202
chr3	120250000	120500000	P5_DCIS	1|1	0.321431	5|2	0.396043	4|2	0.282526
chr3	120250000	120500000	P5_INV	1|1	0.563992	5|2	0.223807	4|2	0.212202
chr3	120500000	121750000	P5_DCIS	1|1	0.321431	8|2	0.396043	2|2	0.282526
chr3	120500000	121750000	P5_INV	1|1	0.563992	8|2	0.223807	2|2	0.212202
chr3	121750000	122000000	P5_DCIS	1|1	0.321431	3|2	0.396043	3|2	0.282526
chr3	121750000	122000000	P5_INV	1|1	0.563992	3|2	0.223807	3|2	0.212202
chr3	122000000	123250000	P5_DCIS	1|1	0.321431	8|2	0.396043	2|2	0.282526
chr3	122000000	123250000	P5_INV	1|1	0.563992	8|2	0.223807	2|2	0.212202
chr3	123500000	123750000	P5_DCIS	1|1	0.321431	8|2	0.396043	2|2	0.282526
chr3	123500000	123750000	P5_INV	1|1	0.563992	8|2	0.223807	2|2	0.212202
chr3	123750000	124000000	P5_DCIS	1|1	0.321431	9|1	0.396043	2|1	0.282526
chr3	123750000	124000000	P5_INV	1|1	0.563992	9|1	0.223807	2|1	0.212202
chr3	124000000	125000000	P5_DCIS	1|1	0.321431	8|2	0.396043	2|2	0.282526
chr3	124000000	125000000	P5_INV	1|1	0.563992	8|2	0.223807	2|2	0.212202
chr3	125000000	125250000	P5_DCIS	1|1	0.321431	9|3	0.396043	10|2	0.282526
chr3	125000000	125250000	P5_INV	1|1	0.563992	9|3	0.223807	10|2	0.212202
chr3	125250000	126250000	P5_DCIS	1|1	0.321431	8|2	0.396043	2|2	0.282526
chr3	125250000	126250000	P5_INV	1|1	0.563992	8|2	0.223807	2|2	0.212202
chr3	126250000	126500000	P5_DCIS	1|1	0.321431	5|0	0.396043	8|2	0.282526
chr3	126250000	126500000	P5_INV	1|1	0.563992	5|0	0.223807	8|2	0.212202
chr3	126500000	126750000	P5_DCIS	1|1	0.321431	8|2	0.396043	2|2	0.282526
chr3	126500000	126750000	P5_INV	1|1	0.563992	8|2	0.223807	2|2	0.212202
chr3	126750000	127000000	P5_DCIS	1|1	0.321431	9|2	0.396043	2|4	0.282526
chr3	126750000	127000000	P5_INV	1|1	0.563992	9|2	0.223807	2|4	0.212202
chr3	127000000	127250000	P5_DCIS	1|1	0.321431	3|2	0.396043	3|2	0.282526
chr3	127000000	127250000	P5_INV	1|1	0.563992	3|2	0.223807	3|2	0.212202
chr3	127250000	127500000	P5_DCIS	1|1	0.321431	8|2	0.396043	2|2	0.282526
chr3	127250000	127500000	P5_INV	1|1	0.563992	8|2	0.223807	2|2	0.212202
chr3	127750000	128250000	P5_DCIS	1|1	0.321431	8|2	0.396043	2|2	0.282526
chr3	127750000	128250000	P5_INV	1|1	0.563992	8|2	0.223807	2|2	0.212202
chr3	128250000	128500000	P5_DCIS	1|1	0.321431	7|4	0.396043	3|2	0.282526
chr3	128250000	128500000	P5_INV	1|1	0.563992	7|4	0.223807	3|2	0.212202
chr3	128500000	131000000	P5_DCIS	1|1	0.321431	8|2	0.396043	2|2	0.282526
chr3	128500000	131000000	P5_INV	1|1	0.563992	8|2	0.223807	2|2	0.212202
chr3	131000000	131250000	P5_DCIS	1|1	0.321431	5|0	0.396043	8|2	0.282526
chr3	131000000	131250000	P5_INV	1|1	0.563992	5|0	0.223807	8|2	0.212202
chr3	131250000	131500000	P5_DCIS	1|1	0.321431	8|2	0.396043	2|2	0.282526
chr3	131250000	131500000	P5_INV	1|1	0.563992	8|2	0.223807	2|2	0.212202
chr3	132000000	132500000	P5_DCIS	1|1	0.321431	8|2	0.396043	2|2	0.282526
chr3	132000000	132500000	P5_INV	1|1	0.563992	8|2	0.223807	2|2	0.212202
chr3	133000000	133250000	P5_DCIS	1|1	0.321431	10|2	0.396043	3|4	0.282526
chr3	133000000	133250000	P5_INV	1|1	0.563992	10|2	0.223807	3|4	0.212202
chr3	133250000	134500000	P5_DCIS	1|1	0.321431	8|2	0.396043	2|2	0.282526
chr3	133250000	134500000	P5_INV	1|1	0.563992	8|2	0.223807	2|2	0.212202
chr3	134500000	134750000	P5_DCIS	1|1	0.321431	3|2	0.396043	3|2	0.282526
chr3	134500000	134750000	P5_INV	1|1	0.563992	3|2	0.223807	3|2	0.212202
chr3	134750000	135000000	P5_DCIS	1|1	0.321431	9|1	0.396043	2|1	0.282526
chr3	134750000	135000000	P5_INV	1|1	0.563992	9|1	0.223807	2|1	0.212202
chr3	135500000	135750000	P5_DCIS	1|1	0.321431	8|2	0.396043	2|2	0.282526
chr3	135500000	135750000	P5_INV	1|1	0.563992	8|2	0.223807	2|2	0.212202
chr3	135750000	136000000	P5_DCIS	1|1	0.321431	7|4	0.396043	3|2	0.282526
chr3	135750000	136000000	P5_INV	1|1	0.563992	7|4	0.223807	3|2	0.212202
chr3	136000000	136250000	P5_DCIS	1|1	0.321431	8|2	0.396043	2|2	0.282526
chr3	136000000	136250000	P5_INV	1|1	0.563992	8|2	0.223807	2|2	0.212202
chr3	136250000	136500000	P5_DCIS	1|1	0.321431	9|2	0.396043	2|4	0.282526
chr3	136250000	136500000	P5_INV	1|1	0.563992	9|2	0.223807	2|4	0.212202
chr3	136500000	136750000	P5_DCIS	1|1	0.321431	8|2	0.396043	2|2	0.282526
chr3	136500000	136750000	P5_INV	1|1	0.563992	8|2	0.223807	2|2	0.212202
chr3	137250000	137500000	P5_DCIS	1|1	0.321431	2|1	0.396043	5|0	0.282526
chr3	137250000	137500000	P5_INV	1|1	0.563992	2|1	0.223807	5|0	0.212202
chr3	137500000	138750000	P5_DCIS	1|1	0.321431	3|2	0.396043	3|2	0.282526
chr3	137500000	138750000	P5_INV	1|1	0.563992	3|2	0.223807	3|2	0.212202
chr3	139000000	139500000	P5_DCIS	1|1	0.321431	2|2	0.396043	2|2	0.282526
chr3	139000000	139500000	P5_INV	1|1	0.563992	2|2	0.223807	2|2	0.212202
chr3	140000000	140500000	P5_DCIS	1|1	0.321431	3|2	0.396043	3|2	0.282526
chr3	140000000	140500000	P5_INV	1|1	0.563992	3|2	0.223807	3|2	0.212202
chr3	140750000	141750000	P5_DCIS	1|1	0.321431	3|2	0.396043	3|2	0.282526
chr3	140750000	141750000	P5_INV	1|1	0.563992	3|2	0.223807	3|2	0.212202
chr3	141750000	142000000	P5_DCIS	1|1	0.321431	7|4	0.396043	3|2	0.282526
chr3	141750000	142000000	P5_INV	1|1	0.563992	7|4	0.223807	3|2	0.212202
chr3	142000000	143000000	P5_DCIS	1|1	0.321431	3|2	0.396043	3|2	0.282526
chr3	142000000	143000000	P5_INV	1|1	0.563992	3|2	0.223807	3|2	0.212202
chr3	143250000	143750000	P5_DCIS	1|1	0.321431	2|2	0.396043	2|2	0.282526
chr3	143250000	143750000	P5_INV	1|1	0.563992	2|2	0.223807	2|2	0.212202
chr3	145500000	145750000	P5_DCIS	1|1	0.321431	3|2	0.396043	3|2	0.282526
chr3	145500000	145750000	P5_INV	1|1	0.563992	3|2	0.223807	3|2	0.212202
chr3	145750000	146000000	P5_DCIS	1|1	0.321431	2|2	0.396043	2|2	0.282526
chr3	145750000	146000000	P5_INV	1|1	0.563992	2|2	0.223807	2|2	0.212202
chr3	146000000	146500000	P5_DCIS	1|1	0.321431	3|2	0.396043	3|2	0.282526
chr3	146000000	146500000	P5_INV	1|1	0.563992	3|2	0.223807	3|2	0.212202
chr3	147000000	147250000	P5_DCIS	1|1	0.321431	3|2	0.396043	3|2	0.282526
chr3	147000000	147250000	P5_INV	1|1	0.563992	3|2	0.223807	3|2	0.212202
chr3	148250000	149750000	P5_DCIS	1|1	0.321431	8|2	0.396043	2|2	0.282526
chr3	148250000	149750000	P5_INV	1|1	0.563992	8|2	0.223807	2|2	0.212202
chr3	149750000	150000000	P5_DCIS	1|1	0.321431	3|1	0.396043	3|1	0.282526
chr3	149750000	150000000	P5_INV	1|1	0.563992	3|1	0.223807	3|1	0.212202
chr3	150000000	150500000	P5_DCIS	1|1	0.321431	8|2	0.396043	2|2	0.282526
chr3	150000000	150500000	P5_INV	1|1	0.563992	8|2	0.223807	2|2	0.212202
chr3	150500000	150750000	P5_DCIS	1|1	0.321431	5|2	0.396043	4|2	0.282526
chr3	150500000	150750000	P5_INV	1|1	0.563992	5|2	0.223807	4|2	0.212202
chr3	150750000	151250000	P5_DCIS	1|1	0.321431	8|2	0.396043	2|2	0.282526
chr3	150750000	151250000	P5_INV	1|1	0.563992	8|2	0.223807	2|2	0.212202
chr3	151500000	151750000	P5_DCIS	1|1	0.321431	8|2	0.396043	2|2	0.282526
chr3	151500000	151750000	P5_INV	1|1	0.563992	8|2	0.223807	2|2	0.212202
chr3	153750000	154250000	P5_DCIS	1|1	0.321431	3|2	0.396043	3|2	0.282526
chr3	153750000	154250000	P5_INV	1|1	0.563992	3|2	0.223807	3|2	0.212202
chr3	154750000	155250000	P5_DCIS	1|1	0.321431	3|2	0.396043	3|2	0.282526
chr3	154750000	155250000	P5_INV	1|1	0.563992	3|2	0.223807	3|2	0.212202
chr3	155250000	155500000	P5_DCIS	1|1	0.321431	3|1	0.396043	3|1	0.282526
chr3	155250000	155500000	P5_INV	1|1	0.563992	3|1	0.223807	3|1	0.212202
chr3	156000000	156250000	P5_DCIS	1|1	0.321431	3|2	0.396043	3|2	0.282526
chr3	156000000	156250000	P5_INV	1|1	0.563992	3|2	0.223807	3|2	0.212202
chr3	156250000	156500000	P5_DCIS	1|1	0.321431	4|4	0.396043	2|2	0.282526
chr3	156250000	156500000	P5_INV	1|1	0.563992	4|4	0.223807	2|2	0.212202
chr3	157000000	157250000	P5_DCIS	1|1	0.321431	3|2	0.396043	3|2	0.282526
chr3	157000000	157250000	P5_INV	1|1	0.563992	3|2	0.223807	3|2	0.212202
chr3	157250000	157500000	P5_DCIS	1|1	0.321431	4|4	0.396043	2|2	0.282526
chr3	157250000	157500000	P5_INV	1|1	0.563992	4|4	0.223807	2|2	0.212202
chr3	157750000	158000000	P5_DCIS	1|1	0.321431	4|4	0.396043	2|2	0.282526
chr3	157750000	158000000	P5_INV	1|1	0.563992	4|4	0.223807	2|2	0.212202
chr3	158250000	158750000	P5_DCIS	1|1	0.321431	3|2	0.396043	3|2	0.282526
chr3	158250000	158750000	P5_INV	1|1	0.563992	3|2	0.223807	3|2	0.212202
chr3	159500000	159750000	P5_DCIS	1|1	0.321431	2|2	0.396043	2|2	0.282526
chr3	159500000	159750000	P5_INV	1|1	0.563992	2|2	0.223807	2|2	0.212202
chr3	159750000	160250000	P5_DCIS	1|1	0.321431	3|2	0.396043	3|2	0.282526
chr3	159750000	160250000	P5_INV	1|1	0.563992	3|2	0.223807	3|2	0.212202
chr3	160250000	160500000	P5_DCIS	1|1	0.321431	2|2	0.396043	2|2	0.282526
chr3	160250000	160500000	P5_INV	1|1	0.563992	2|2	0.223807	2|2	0.212202
chr3	160500000	160750000	P5_DCIS	1|1	0.321431	2|2	0.396043	3|0	0.282526
chr3	160500000	160750000	P5_INV	1|1	0.563992	2|2	0.223807	3|0	0.212202
chr3	160750000	161250000	P5_DCIS	1|1	0.321431	3|2	0.396043	3|2	0.282526
chr3	160750000	161250000	P5_INV	1|1	0.563992	3|2	0.223807	3|2	0.212202
chr3	162250000	162500000	P5_DCIS	1|1	0.321431	3|2	0.396043	3|2	0.282526
chr3	162250000	162500000	P5_INV	1|1	0.563992	3|2	0.223807	3|2	0.212202
chr3	164500000	165000000	P5_DCIS	1|1	0.321431	3|2	0.396043	3|2	0.282526
chr3	164500000	165000000	P5_INV	1|1	0.563992	3|2	0.223807	3|2	0.212202
chr3	165250000	165500000	P5_DCIS	1|1	0.321431	3|2	0.396043	3|2	0.282526
chr3	165250000	165500000	P5_INV	1|1	0.563992	3|2	0.223807	3|2	0.212202
chr3	166500000	166750000	P5_DCIS	1|1	0.321431	3|2	0.396043	3|2	0.282526
chr3	166500000	166750000	P5_INV	1|1	0.563992	3|2	0.223807	3|2	0.212202
chr3	166750000	167000000	P5_DCIS	1|1	0.321431	2|2	0.396043	2|2	0.282526
chr3	166750000	167000000	P5_INV	1|1	0.563992	2|2	0.223807	2|2	0.212202
chr3	167000000	167250000	P5_DCIS	1|1	0.321431	3|2	0.396043	3|2	0.282526
chr3	167000000	167250000	P5_INV	1|1	0.563992	3|2	0.223807	3|2	0.212202
chr3	167500000	168000000	P5_DCIS	1|1	0.321431	3|2	0.396043	3|2	0.282526
chr3	167500000	168000000	P5_INV	1|1	0.563992	3|2	0.223807	3|2	0.212202
chr3	168250000	168500000	P5_DCIS	1|1	0.321431	2|2	0.396043	3|0	0.282526
chr3	168250000	168500000	P5_INV	1|1	0.563992	2|2	0.223807	3|0	0.212202
chr3	168750000	169000000	P5_DCIS	1|1	0.321431	3|2	0.396043	3|2	0.282526
chr3	168750000	169000000	P5_INV	1|1	0.563992	3|2	0.223807	3|2	0.212202
chr3	169750000	170000000	P5_DCIS	1|1	0.321431	3|2	0.396043	3|2	0.282526
chr3	169750000	170000000	P5_INV	1|1	0.563992	3|2	0.223807	3|2	0.212202
chr3	170250000	170500000	P5_DCIS	1|1	0.321431	2|2	0.396043	3|0	0.282526
chr3	170250000	170500000	P5_INV	1|1	0.563992	2|2	0.223807	3|0	0.212202
chr3	170500000	170750000	P5_DCIS	1|1	0.321431	3|2	0.396043	3|2	0.282526
chr3	170500000	170750000	P5_INV	1|1	0.563992	3|2	0.223807	3|2	0.212202
chr3	170750000	171000000	P5_DCIS	1|1	0.321431	8|2	0.396043	2|2	0.282526
chr3	170750000	171000000	P5_INV	1|1	0.563992	8|2	0.223807	2|2	0.212202
chr3	171250000	171500000	P5_DCIS	1|1	0.321431	8|2	0.396043	2|2	0.282526
chr3	171250000	171500000	P5_INV	1|1	0.563992	8|2	0.223807	2|2	0.212202
chr3	172000000	172250000	P5_DCIS	1|1	0.321431	8|2	0.396043	2|2	0.282526
chr3	172000000	172250000	P5_INV	1|1	0.563992	8|2	0.223807	2|2	0.212202
chr3	172500000	172750000	P5_DCIS	1|1	0.321431	3|2	0.396043	3|2	0.282526
chr3	172500000	172750000	P5_INV	1|1	0.563992	3|2	0.223807	3|2	0.212202
chr3	172750000	173000000	P5_DCIS	1|1	0.321431	2|2	0.396043	2|2	0.282526
chr3	172750000	173000000	P5_INV	1|1	0.563992	2|2	0.223807	2|2	0.212202
chr3	173250000	173500000	P5_DCIS	1|1	0.321431	2|2	0.396043	3|0	0.282526
chr3	173250000	173500000	P5_INV	1|1	0.563992	2|2	0.223807	3|0	0.212202
chr3	174750000	175000000	P5_DCIS	1|1	0.321431	3|2	0.396043	3|2	0.282526
chr3	174750000	175000000	P5_INV	1|1	0.563992	3|2	0.223807	3|2	0.212202
chr3	175000000	175250000	P5_DCIS	1|1	0.321431	2|2	0.396043	2|2	0.282526
chr3	175000000	175250000	P5_INV	1|1	0.563992	2|2	0.223807	2|2	0.212202
chr3	175500000	175750000	P5_DCIS	1|1	0.321431	2|2	0.396043	2|2	0.282526
chr3	175500000	175750000	P5_INV	1|1	0.563992	2|2	0.223807	2|2	0.212202
chr3	175750000	176000000	P5_DCIS	1|1	0.321431	3|1	0.396043	3|1	0.282526
chr3	175750000	176000000	P5_INV	1|1	0.563992	3|1	0.223807	3|1	0.212202
chr3	176750000	177000000	P5_DCIS	1|1	0.321431	3|2	0.396043	3|2	0.282526
chr3	176750000	177000000	P5_INV	1|1	0.563992	3|2	0.223807	3|2	0.212202
chr3	177000000	177250000	P5_DCIS	1|1	0.321431	4|4	0.396043	2|2	0.282526
chr3	177000000	177250000	P5_INV	1|1	0.563992	4|4	0.223807	2|2	0.212202
chr3	177750000	178000000	P5_DCIS	1|1	0.321431	2|2	0.396043	3|0	0.282526
chr3	177750000	178000000	P5_INV	1|1	0.563992	2|2	0.223807	3|0	0.212202
chr3	178000000	178250000	P5_DCIS	1|1	0.321431	2|2	0.396043	2|2	0.282526
chr3	178000000	178250000	P5_INV	1|1	0.563992	2|2	0.223807	2|2	0.212202
chr3	178750000	179750000	P5_DCIS	1|1	0.321431	2|2	0.396043	2|2	0.282526
chr3	178750000	179750000	P5_INV	1|1	0.563992	2|2	0.223807	2|2	0.212202
chr3	180000000	180750000	P5_DCIS	1|1	0.321431	2|2	0.396043	2|2	0.282526
chr3	180000000	180750000	P5_INV	1|1	0.563992	2|2	0.223807	2|2	0.212202
chr3	181500000	181750000	P5_DCIS	1|1	0.321431	2|2	0.396043	3|0	0.282526
chr3	181500000	181750000	P5_INV	1|1	0.563992	2|2	0.223807	3|0	0.212202
chr3	182250000	182500000	P5_DCIS	1|1	0.321431	3|2	0.396043	3|2	0.282526
chr3	182250000	182500000	P5_INV	1|1	0.563992	3|2	0.223807	3|2	0.212202
chr3	182500000	184000000	P5_DCIS	1|1	0.321431	2|2	0.396043	2|2	0.282526
chr3	182500000	184000000	P5_INV	1|1	0.563992	2|2	0.223807	2|2	0.212202
chr3	184000000	184500000	P5_DCIS	1|1	0.321431	3|2	0.396043	3|2	0.282526
chr3	184000000	184500000	P5_INV	1|1	0.563992	3|2	0.223807	3|2	0.212202
chr3	184500000	184750000	P5_DCIS	1|1	0.321431	2|2	0.396043	2|2	0.282526
chr3	184500000	184750000	P5_INV	1|1	0.563992	2|2	0.223807	2|2	0.212202
chr3	184750000	185000000	P5_DCIS	1|1	0.321431	3|2	0.396043	3|2	0.282526
chr3	184750000	185000000	P5_INV	1|1	0.563992	3|2	0.223807	3|2	0.212202
chr3	185500000	185750000	P5_DCIS	1|1	0.321431	2|2	0.396043	2|2	0.282526
chr3	185500000	185750000	P5_INV	1|1	0.563992	2|2	0.223807	2|2	0.212202
chr3	185750000	186000000	P5_DCIS	1|1	0.321431	2|2	0.396043	3|0	0.282526
chr3	185750000	186000000	P5_INV	1|1	0.563992	2|2	0.223807	3|0	0.212202
chr3	186000000	186250000	P5_DCIS	1|1	0.321431	2|2	0.396043	2|2	0.282526
chr3	186000000	186250000	P5_INV	1|1	0.563992	2|2	0.223807	2|2	0.212202
chr3	186250000	186500000	P5_DCIS	1|1	0.321431	3|1	0.396043	3|1	0.282526
chr3	186250000	186500000	P5_INV	1|1	0.563992	3|1	0.223807	3|1	0.212202
chr3	186500000	186750000	P5_DCIS	1|1	0.321431	9|3	0.396043	10|2	0.282526
chr3	186500000	186750000	P5_INV	1|1	0.563992	9|3	0.223807	10|2	0.212202
chr3	186750000	187000000	P5_DCIS	1|1	0.321431	8|2	0.396043	2|2	0.282526
chr3	186750000	187000000	P5_INV	1|1	0.563992	8|2	0.223807	2|2	0.212202
chr3	187000000	187250000	P5_DCIS	1|1	0.321431	9|1	0.396043	2|1	0.282526
chr3	187000000	187250000	P5_INV	1|1	0.563992	9|1	0.223807	2|1	0.212202
chr3	187250000	187500000	P5_DCIS	1|1	0.321431	8|2	0.396043	2|2	0.282526
chr3	187250000	187500000	P5_INV	1|1	0.563992	8|2	0.223807	2|2	0.212202
chr3	187750000	188000000	P5_DCIS	1|1	0.321431	9|3	0.396043	10|2	0.282526
chr3	187750000	188000000	P5_INV	1|1	0.563992	9|3	0.223807	10|2	0.212202
chr3	188250000	189000000	P5_DCIS	1|1	0.321431	9|1	0.396043	2|1	0.282526
chr3	188250000	189000000	P5_INV	1|1	0.563992	9|1	0.223807	2|1	0.212202
chr3	189000000	189250000	P5_DCIS	1|1	0.321431	8|2	0.396043	2|2	0.282526
chr3	189000000	189250000	P5_INV	1|1	0.563992	8|2	0.223807	2|2	0.212202
chr3	189500000	191000000	P5_DCIS	1|1	0.321431	8|2	0.396043	2|2	0.282526
chr3	189500000	191000000	P5_INV	1|1	0.563992	8|2	0.223807	2|2	0.212202
chr3	191750000	192000000	P5_DCIS	1|1	0.321431	5|0	0.396043	8|2	0.282526
chr3	191750000	192000000	P5_INV	1|1	0.563992	5|0	0.223807	8|2	0.212202
chr3	192000000	192250000	P5_DCIS	1|1	0.321431	3|2	0.396043	3|2	0.282526
chr3	192000000	192250000	P5_INV	1|1	0.563992	3|2	0.223807	3|2	0.212202
chr3	192250000	192500000	P5_DCIS	1|1	0.321431	9|1	0.396043	2|1	0.282526
chr3	192250000	192500000	P5_INV	1|1	0.563992	9|1	0.223807	2|1	0.212202
chr3	192750000	193000000	P5_DCIS	1|1	0.321431	9|1	0.396043	2|1	0.282526
chr3	192750000	193000000	P5_INV	1|1	0.563992	9|1	0.223807	2|1	0.212202
chr3	193000000	193500000	P5_DCIS	1|1	0.321431	8|2	0.396043	2|2	0.282526
chr3	193000000	193500000	P5_INV	1|1	0.563992	8|2	0.223807	2|2	0.212202
chr3	193500000	193750000	P5_DCIS	1|1	0.321431	7|4	0.396043	3|2	0.282526
chr3	193500000	193750000	P5_INV	1|1	0.563992	7|4	0.223807	3|2	0.212202
chr3	194000000	194500000	P5_DCIS	1|1	0.321431	8|2	0.396043	2|2	0.282526
chr3	194000000	194500000	P5_INV	1|1	0.563992	8|2	0.223807	2|2	0.212202
chr3	194750000	195000000	P5_DCIS	1|1	0.321431	8|2	0.396043	2|2	0.282526
chr3	194750000	195000000	P5_INV	1|1	0.563992	8|2	0.223807	2|2	0.212202
chr3	195000000	195250000	P5_DCIS	1|1	0.321431	9|3	0.396043	10|2	0.282526
chr3	195000000	195250000	P5_INV	1|1	0.563992	9|3	0.223807	10|2	0.212202
chr3	195250000	195750000	P5_DCIS	1|1	0.321431	7|4	0.396043	3|2	0.282526
chr3	195250000	195750000	P5_INV	1|1	0.563992	7|4	0.223807	3|2	0.212202
chr3	195750000	196750000	P5_DCIS	1|1	0.321431	9|3	0.396043	10|2	0.282526
chr3	195750000	196750000	P5_INV	1|1	0.563992	9|3	0.223807	10|2	0.212202
chr3	196750000	197000000	P5_DCIS	1|1	0.321431	9|1	0.396043	2|1	0.282526
chr3	196750000	197000000	P5_INV	1|1	0.563992	9|1	0.223807	2|1	0.212202
chr3	197250000	197500000	P5_DCIS	1|1	0.321431	7|4	0.396043	3|2	0.282526
chr3	197250000	197500000	P5_INV	1|1	0.563992	7|4	0.223807	3|2	0.212202
chr4	500000	1750000	P5_DCIS	1|1	0.321431	3|2	0.396043	3|2	0.282526
chr4	500000	1750000	P5_INV	1|1	0.563992	3|2	0.223807	3|2	0.212202
chr4	1750000	2000000	P5_DCIS	1|1	0.321431	8|2	0.396043	2|2	0.282526
chr4	1750000	2000000	P5_INV	1|1	0.563992	8|2	0.223807	2|2	0.212202
chr4	2000000	2250000	P5_DCIS	1|1	0.321431	3|2	0.396043	3|2	0.282526
chr4	2000000	2250000	P5_INV	1|1	0.563992	3|2	0.223807	3|2	0.212202
chr4	2250000	2500000	P5_DCIS	1|1	0.321431	8|2	0.396043	2|2	0.282526
chr4	2250000	2500000	P5_INV	1|1	0.563992	8|2	0.223807	2|2	0.212202
chr4	2750000	3000000	P5_DCIS	1|1	0.321431	3|2	0.396043	3|2	0.282526
chr4	2750000	3000000	P5_INV	1|1	0.563992	3|2	0.223807	3|2	0.212202
chr4	3000000	3250000	P5_DCIS	1|1	0.321431	8|2	0.396043	2|2	0.282526
chr4	3000000	3250000	P5_INV	1|1	0.563992	8|2	0.223807	2|2	0.212202
chr4	3250000	3500000	P5_DCIS	1|1	0.321431	5|2	0.396043	2|2	0.282526
chr4	3250000	3500000	P5_INV	1|1	0.563992	5|2	0.223807	2|2	0.212202
chr4	3500000	3750000	P5_DCIS	1|1	0.321431	3|1	0.396043	3|1	0.282526
chr4	3500000	3750000	P5_INV	1|1	0.563992	3|1	0.223807	3|1	0.212202
chr4	3750000	4000000	P5_DCIS	1|1	0.321431	5|2	0.396043	2|2	0.282526
chr4	3750000	4000000	P5_INV	1|1	0.563992	5|2	0.223807	2|2	0.212202
chr4	4000000	4500000	P5_DCIS	1|1	0.321431	3|2	0.396043	3|2	0.282526
chr4	4000000	4500000	P5_INV	1|1	0.563992	3|2	0.223807	3|2	0.212202
chr4	4750000	5750000	P5_DCIS	1|1	0.321431	3|2	0.396043	3|2	0.282526
chr4	4750000	5750000	P5_INV	1|1	0.563992	3|2	0.223807	3|2	0.212202
chr4	5750000	6000000	P5_DCIS	1|1	0.321431	5|2	0.396043	2|2	0.282526
chr4	5750000	6000000	P5_INV	1|1	0.563992	5|2	0.223807	2|2	0.212202
chr4	6000000	6250000	P5_DCIS	1|1	0.321431	3|2	0.396043	3|2	0.282526
chr4	6000000	6250000	P5_INV	1|1	0.563992	3|2	0.223807	3|2	0.212202
chr4	6250000	6750000	P5_DCIS	1|1	0.321431	5|2	0.396043	2|2	0.282526
chr4	6250000	6750000	P5_INV	1|1	0.563992	5|2	0.223807	2|2	0.212202
chr4	6750000	7250000	P5_DCIS	1|1	0.321431	8|2	0.396043	2|2	0.282526
chr4	6750000	7250000	P5_INV	1|1	0.563992	8|2	0.223807	2|2	0.212202
chr4	7250000	7500000	P5_DCIS	1|1	0.321431	3|1	0.396043	3|1	0.282526
chr4	7250000	7500000	P5_INV	1|1	0.563992	3|1	0.223807	3|1	0.212202
chr4	7500000	8000000	P5_DCIS	1|1	0.321431	3|2	0.396043	3|2	0.282526
chr4	7500000	8000000	P5_INV	1|1	0.563992	3|2	0.223807	3|2	0.212202
chr4	8000000	8500000	P5_DCIS	1|1	0.321431	5|2	0.396043	2|2	0.282526
chr4	8000000	8500000	P5_INV	1|1	0.563992	5|2	0.223807	2|2	0.212202
chr4	8500000	9000000	P5_DCIS	1|1	0.321431	3|2	0.396043	3|2	0.282526
chr4	8500000	9000000	P5_INV	1|1	0.563992	3|2	0.223807	3|2	0.212202
chr4	9000000	9250000	P5_DCIS	1|1	0.321431	3|1	0.396043	3|1	0.282526
chr4	9000000	9250000	P5_INV	1|1	0.563992	3|1	0.223807	3|1	0.212202
chr4	9250000	10000000	P5_DCIS	1|1	0.321431	3|2	0.396043	3|2	0.282526
chr4	9250000	10000000	P5_INV	1|1	0.563992	3|2	0.223807	3|2	0.212202
chr4	10000000	10250000	P5_DCIS	1|1	0.321431	5|2	0.396043	2|2	0.282526
chr4	10000000	10250000	P5_INV	1|1	0.563992	5|2	0.223807	2|2	0.212202
chr4	10250000	10750000	P5_DCIS	1|1	0.321431	3|2	0.396043	3|2	0.282526
chr4	10250000	10750000	P5_INV	1|1	0.563992	3|2	0.223807	3|2	0.212202
chr4	11250000	11500000	P5_DCIS	1|1	0.321431	3|1	0.396043	3|1	0.282526
chr4	11250000	11500000	P5_INV	1|1	0.563992	3|1	0.223807	3|1	0.212202
chr4	13250000	13500000	P5_DCIS	1|1	0.321431	3|2	0.396043	3|2	0.282526
chr4	13250000	13500000	P5_INV	1|1	0.563992	3|2	0.223807	3|2	0.212202
chr4	13500000	13750000	P5_DCIS	1|1	0.321431	3|1	0.396043	3|1	0.282526
chr4	13500000	13750000	P5_INV	1|1	0.563992	3|1	0.223807	3|1	0.212202
chr4	14000000	14250000	P5_DCIS	1|1	0.321431	2|1	0.396043	5|0	0.282526
chr4	14000000	14250000	P5_INV	1|1	0.563992	2|1	0.223807	5|0	0.212202
chr4	15250000	15500000	P5_DCIS	1|1	0.321431	2|2	0.396043	6|1	0.282526
chr4	15250000	15500000	P5_INV	1|1	0.563992	2|2	0.223807	6|1	0.212202
chr4	15500000	15750000	P5_DCIS	1|1	0.321431	2|2	0.396043	2|2	0.282526
chr4	15500000	15750000	P5_INV	1|1	0.563992	2|2	0.223807	2|2	0.212202
chr4	15750000	16000000	P5_DCIS	1|1	0.321431	3|2	0.396043	3|2	0.282526
chr4	15750000	16000000	P5_INV	1|1	0.563992	3|2	0.223807	3|2	0.212202
chr4	16000000	16500000	P5_DCIS	1|1	0.321431	2|2	0.396043	2|2	0.282526
chr4	16000000	16500000	P5_INV	1|1	0.563992	2|2	0.223807	2|2	0.212202
chr4	17250000	17500000	P5_DCIS	1|1	0.321431	2|2	0.396043	2|2	0.282526
chr4	17250000	17500000	P5_INV	1|1	0.563992	2|2	0.223807	2|2	0.212202
chr4	17500000	17750000	P5_DCIS	1|1	0.321431	3|2	0.396043	3|2	0.282526
chr4	17500000	17750000	P5_INV	1|1	0.563992	3|2	0.223807	3|2	0.212202
chr4	17750000	18000000	P5_DCIS	1|1	0.321431	2|2	0.396043	2|2	0.282526
chr4	17750000	18000000	P5_INV	1|1	0.563992	2|2	0.223807	2|2	0.212202
chr4	19750000	20000000	P5_DCIS	1|1	0.321431	2|1	0.396043	2|1	0.282526
chr4	19750000	20000000	P5_INV	1|1	0.563992	2|1	0.223807	2|1	0.212202
chr4	20250000	20750000	P5_DCIS	1|1	0.321431	2|2	0.396043	2|2	0.282526
chr4	20250000	20750000	P5_INV	1|1	0.563992	2|2	0.223807	2|2	0.212202
chr4	20750000	21000000	P5_DCIS	1|1	0.321431	3|2	0.396043	3|2	0.282526
chr4	20750000	21000000	P5_INV	1|1	0.563992	3|2	0.223807	3|2	0.212202
chr4	22250000	22500000	P5_DCIS	1|1	0.321431	2|2	0.396043	2|2	0.282526
chr4	22250000	22500000	P5_INV	1|1	0.563992	2|2	0.223807	2|2	0.212202
chr4	22500000	22750000	P5_DCIS	1|1	0.321431	3|2	0.396043	3|2	0.282526
chr4	22500000	22750000	P5_INV	1|1	0.563992	3|2	0.223807	3|2	0.212202
chr4	23500000	24000000	P5_DCIS	1|1	0.321431	2|2	0.396043	2|2	0.282526
chr4	23500000	24000000	P5_INV	1|1	0.563992	2|2	0.223807	2|2	0.212202
chr4	24500000	24750000	P5_DCIS	1|1	0.321431	2|2	0.396043	2|2	0.282526
chr4	24500000	24750000	P5_INV	1|1	0.563992	2|2	0.223807	2|2	0.212202
chr4	24750000	25250000	P5_DCIS	1|1	0.321431	3|2	0.396043	3|2	0.282526
chr4	24750000	25250000	P5_INV	1|1	0.563992	3|2	0.223807	3|2	0.212202
chr4	25250000	27000000	P5_DCIS	1|1	0.321431	2|2	0.396043	2|2	0.282526
chr4	25250000	27000000	P5_INV	1|1	0.563992	2|2	0.223807	2|2	0.212202
chr4	27500000	27750000	P5_DCIS	1|1	0.321431	2|2	0.396043	3|0	0.282526
chr4	27500000	27750000	P5_INV	1|1	0.563992	2|2	0.223807	3|0	0.212202
chr4	27750000	28000000	P5_DCIS	1|1	0.321431	3|2	0.396043	3|2	0.282526
chr4	27750000	28000000	P5_INV	1|1	0.563992	3|2	0.223807	3|2	0.212202
chr4	28750000	29000000	P5_DCIS	1|1	0.321431	2|2	0.396043	2|2	0.282526
chr4	28750000	29000000	P5_INV	1|1	0.563992	2|2	0.223807	2|2	0.212202
chr4	30500000	30750000	P5_DCIS	1|1	0.321431	2|2	0.396043	2|2	0.282526
chr4	30500000	30750000	P5_INV	1|1	0.563992	2|2	0.223807	2|2	0.212202
chr4	30750000	31000000	P5_DCIS	1|1	0.321431	2|1	0.396043	2|1	0.282526
chr4	30750000	31000000	P5_INV	1|1	0.563992	2|1	0.223807	2|1	0.212202
chr4	36000000	36500000	P5_DCIS	1|1	0.321431	2|2	0.396043	2|2	0.282526
chr4	36000000	36500000	P5_INV	1|1	0.563992	2|2	0.223807	2|2	0.212202
chr4	37250000	37500000	P5_DCIS	1|1	0.321431	2|2	0.396043	2|2	0.282526
chr4	37250000	37500000	P5_INV	1|1	0.563992	2|2	0.223807	2|2	0.212202
chr4	37500000	37750000	P5_DCIS	1|1	0.321431	2|2	0.396043	3|0	0.282526
chr4	37500000	37750000	P5_INV	1|1	0.563992	2|2	0.223807	3|0	0.212202
chr4	37750000	38000000	P5_DCIS	1|1	0.321431	2|2	0.396043	2|2	0.282526
chr4	37750000	38000000	P5_INV	1|1	0.563992	2|2	0.223807	2|2	0.212202
chr4	38750000	39000000	P5_DCIS	1|1	0.321431	3|2	0.396043	3|2	0.282526
chr4	38750000	39000000	P5_INV	1|1	0.563992	3|2	0.223807	3|2	0.212202
chr4	39000000	40500000	P5_DCIS	1|1	0.321431	2|2	0.396043	2|2	0.282526
chr4	39000000	40500000	P5_INV	1|1	0.563992	2|2	0.223807	2|2	0.212202
chr4	40750000	41000000	P5_DCIS	1|1	0.321431	2|2	0.396043	2|2	0.282526
chr4	40750000	41000000	P5_INV	1|1	0.563992	2|2	0.223807	2|2	0.212202
chr4	41500000	41750000	P5_DCIS	1|1	0.321431	3|2	0.396043	3|2	0.282526
chr4	41500000	41750000	P5_INV	1|1	0.563992	3|2	0.223807	3|2	0.212202
chr4	41750000	43000000	P5_DCIS	1|1	0.321431	2|2	0.396043	2|2	0.282526
chr4	41750000	43000000	P5_INV	1|1	0.563992	2|2	0.223807	2|2	0.212202
chr4	43000000	43250000	P5_DCIS	1|1	0.321431	3|2	0.396043	3|2	0.282526
chr4	43000000	43250000	P5_INV	1|1	0.563992	3|2	0.223807	3|2	0.212202
chr4	43250000	43500000	P5_DCIS	1|1	0.321431	2|2	0.396043	3|0	0.282526
chr4	43250000	43500000	P5_INV	1|1	0.563992	2|2	0.223807	3|0	0.212202
chr4	44000000	44250000	P5_DCIS	1|1	0.321431	3|2	0.396043	3|2	0.282526
chr4	44000000	44250000	P5_INV	1|1	0.563992	3|2	0.223807	3|2	0.212202
chr4	44750000	45000000	P5_DCIS	1|1	0.321431	2|1	0.396043	2|1	0.282526
chr4	44750000	45000000	P5_INV	1|1	0.563992	2|1	0.223807	2|1	0.212202
chr4	46000000	46250000	P5_DCIS	1|1	0.321431	2|2	0.396043	2|2	0.282526
chr4	46000000	46250000	P5_INV	1|1	0.563992	2|2	0.223807	2|2	0.212202
chr4	46250000	46500000	P5_DCIS	1|1	0.321431	3|2	0.396043	3|2	0.282526
chr4	46250000	46500000	P5_INV	1|1	0.563992	3|2	0.223807	3|2	0.212202
chr4	47000000	47250000	P5_DCIS	1|1	0.321431	3|2	0.396043	3|2	0.282526
chr4	47000000	47250000	P5_INV	1|1	0.563992	3|2	0.223807	3|2	0.212202
chr4	47250000	48250000	P5_DCIS	1|1	0.321431	2|2	0.396043	2|2	0.282526
chr4	47250000	48250000	P5_INV	1|1	0.563992	2|2	0.223807	2|2	0.212202
chr4	48250000	48500000	P5_DCIS	1|1	0.321431	2|2	0.396043	3|0	0.282526
chr4	48250000	48500000	P5_INV	1|1	0.563992	2|2	0.223807	3|0	0.212202
chr4	48500000	49000000	P5_DCIS	1|1	0.321431	2|2	0.396043	2|2	0.282526
chr4	48500000	49000000	P5_INV	1|1	0.563992	2|2	0.223807	2|2	0.212202
chr4	49000000	49250000	P5_DCIS	1|1	0.321431	2|2	0.396043	3|0	0.282526
chr4	49000000	49250000	P5_INV	1|1	0.563992	2|2	0.223807	3|0	0.212202
chr4	49250000	49500000	P5_DCIS	1|1	0.321431	3|1	0.396043	3|1	0.282526
chr4	49250000	49500000	P5_INV	1|1	0.563992	3|1	0.223807	3|1	0.212202
chr4	49500000	49750000	P5_DCIS	1|1	0.321431	2|2	0.396043	3|0	0.282526
chr4	49500000	49750000	P5_INV	1|1	0.563992	2|2	0.223807	3|0	0.212202
chr4	52750000	53000000	P5_DCIS	1|1	0.321431	2|2	0.396043	2|2	0.282526
chr4	52750000	53000000	P5_INV	1|1	0.563992	2|2	0.223807	2|2	0.212202
chr4	54000000	55250000	P5_DCIS	1|1	0.321431	2|2	0.396043	2|2	0.282526
chr4	54000000	55250000	P5_INV	1|1	0.563992	2|2	0.223807	2|2	0.212202
chr4	55500000	56000000	P5_DCIS	1|1	0.321431	2|2	0.396043	2|2	0.282526
chr4	55500000	56000000	P5_INV	1|1	0.563992	2|2	0.223807	2|2	0.212202
chr4	56000000	56250000	P5_DCIS	1|1	0.321431	2|2	0.396043	3|0	0.282526
chr4	56000000	56250000	P5_INV	1|1	0.563992	2|2	0.223807	3|0	0.212202
chr4	56250000	58000000	P5_DCIS	1|1	0.321431	2|2	0.396043	2|2	0.282526
chr4	56250000	58000000	P5_INV	1|1	0.563992	2|2	0.223807	2|2	0.212202
chr4	58750000	59000000	P5_DCIS	1|1	0.321431	2|1	0.396043	2|1	0.282526
chr4	58750000	59000000	P5_INV	1|1	0.563992	2|1	0.223807	2|1	0.212202
chr4	59250000	59500000	P5_DCIS	1|1	0.321431	2|2	0.396043	3|0	0.282526
chr4	59250000	59500000	P5_INV	1|1	0.563992	2|2	0.223807	3|0	0.212202
chr4	62250000	62500000	P5_DCIS	1|1	0.321431	2|1	0.396043	5|0	0.282526
chr4	62250000	62500000	P5_INV	1|1	0.563992	2|1	0.223807	5|0	0.212202
chr4	62500000	62750000	P5_DCIS	1|1	0.321431	3|2	0.396043	3|2	0.282526
chr4	62500000	62750000	P5_INV	1|1	0.563992	3|2	0.223807	3|2	0.212202
chr4	63250000	63750000	P5_DCIS	1|1	0.321431	2|2	0.396043	2|2	0.282526
chr4	63250000	63750000	P5_INV	1|1	0.563992	2|2	0.223807	2|2	0.212202
chr4	64000000	64250000	P5_DCIS	1|1	0.321431	3|2	0.396043	3|2	0.282526
chr4	64000000	64250000	P5_INV	1|1	0.563992	3|2	0.223807	3|2	0.212202
chr4	65000000	65250000	P5_DCIS	1|1	0.321431	3|2	0.396043	3|2	0.282526
chr4	65000000	65250000	P5_INV	1|1	0.563992	3|2	0.223807	3|2	0.212202
chr4	66000000	66250000	P5_DCIS	1|1	0.321431	2|2	0.396043	2|2	0.282526
chr4	66000000	66250000	P5_INV	1|1	0.563992	2|2	0.223807	2|2	0.212202
chr4	68250000	68500000	P5_DCIS	1|1	0.321431	3|1	0.396043	3|1	0.282526
chr4	68250000	68500000	P5_INV	1|1	0.563992	3|1	0.223807	3|1	0.212202
chr4	70000000	70250000	P5_DCIS	1|1	0.321431	2|1	0.396043	5|0	0.282526
chr4	70000000	70250000	P5_INV	1|1	0.563992	2|1	0.223807	5|0	0.212202
chr4	71000000	71500000	P5_DCIS	1|1	0.321431	2|2	0.396043	2|2	0.282526
chr4	71000000	71500000	P5_INV	1|1	0.563992	2|2	0.223807	2|2	0.212202
chr4	71500000	71750000	P5_DCIS	1|1	0.321431	3|2	0.396043	3|2	0.282526
chr4	71500000	71750000	P5_INV	1|1	0.563992	3|2	0.223807	3|2	0.212202
chr4	72250000	72500000	P5_DCIS	1|1	0.321431	2|2	0.396043	2|2	0.282526
chr4	72250000	72500000	P5_INV	1|1	0.563992	2|2	0.223807	2|2	0.212202
chr4	72500000	72750000	P5_DCIS	1|1	0.321431	2|2	0.396043	3|0	0.282526
chr4	72500000	72750000	P5_INV	1|1	0.563992	2|2	0.223807	3|0	0.212202
chr4	73250000	73500000	P5_DCIS	1|1	0.321431	3|2	0.396043	3|2	0.282526
chr4	73250000	73500000	P5_INV	1|1	0.563992	3|2	0.223807	3|2	0.212202
chr4	73500000	73750000	P5_DCIS	1|1	0.321431	2|2	0.396043	2|2	0.282526
chr4	73500000	73750000	P5_INV	1|1	0.563992	2|2	0.223807	2|2	0.212202
chr4	73750000	75500000	P5_DCIS	1|1	0.321431	3|2	0.396043	3|2	0.282526
chr4	73750000	75500000	P5_INV	1|1	0.563992	3|2	0.223807	3|2	0.212202
chr4	76000000	76500000	P5_DCIS	1|1	0.321431	3|2	0.396043	3|2	0.282526
chr4	76000000	76500000	P5_INV	1|1	0.563992	3|2	0.223807	3|2	0.212202
chr4	76750000	78000000	P5_DCIS	1|1	0.321431	3|2	0.396043	3|2	0.282526
chr4	76750000	78000000	P5_INV	1|1	0.563992	3|2	0.223807	3|2	0.212202
chr4	78500000	78750000	P5_DCIS	1|1	0.321431	4|4	0.396043	2|2	0.282526
chr4	78500000	78750000	P5_INV	1|1	0.563992	4|4	0.223807	2|2	0.212202
chr4	78750000	79500000	P5_DCIS	1|1	0.321431	3|2	0.396043	3|2	0.282526
chr4	78750000	79500000	P5_INV	1|1	0.563992	3|2	0.223807	3|2	0.212202
chr4	79500000	79750000	P5_DCIS	1|1	0.321431	2|2	0.396043	2|2	0.282526
chr4	79500000	79750000	P5_INV	1|1	0.563992	2|2	0.223807	2|2	0.212202
chr4	80250000	80500000	P5_DCIS	1|1	0.321431	2|1	0.396043	2|1	0.282526
chr4	80250000	80500000	P5_INV	1|1	0.563992	2|1	0.223807	2|1	0.212202
chr4	80750000	81000000	P5_DCIS	1|1	0.321431	2|2	0.396043	2|2	0.282526
chr4	80750000	81000000	P5_INV	1|1	0.563992	2|2	0.223807	2|2	0.212202
chr4	83000000	83250000	P5_DCIS	1|1	0.321431	2|2	0.396043	2|2	0.282526
chr4	83000000	83250000	P5_INV	1|1	0.563992	2|2	0.223807	2|2	0.212202
chr4	83250000	84750000	P5_DCIS	1|1	0.321431	3|2	0.396043	3|2	0.282526
chr4	83250000	84750000	P5_INV	1|1	0.563992	3|2	0.223807	3|2	0.212202
chr4	85250000	86000000	P5_DCIS	1|1	0.321431	3|2	0.396043	3|2	0.282526
chr4	85250000	86000000	P5_INV	1|1	0.563992	3|2	0.223807	3|2	0.212202
chr4	86000000	86250000	P5_DCIS	1|1	0.321431	2|2	0.396043	3|0	0.282526
chr4	86000000	86250000	P5_INV	1|1	0.563992	2|2	0.223807	3|0	0.212202
chr4	86500000	86750000	P5_DCIS	1|1	0.321431	4|4	0.396043	2|2	0.282526
chr4	86500000	86750000	P5_INV	1|1	0.563992	4|4	0.223807	2|2	0.212202
chr4	86750000	87250000	P5_DCIS	1|1	0.321431	3|2	0.396043	3|2	0.282526
chr4	86750000	87250000	P5_INV	1|1	0.563992	3|2	0.223807	3|2	0.212202
chr4	87500000	88500000	P5_DCIS	1|1	0.321431	3|2	0.396043	3|2	0.282526
chr4	87500000	88500000	P5_INV	1|1	0.563992	3|2	0.223807	3|2	0.212202
chr4	88500000	88750000	P5_DCIS	1|1	0.321431	2|2	0.396043	2|2	0.282526
chr4	88500000	88750000	P5_INV	1|1	0.563992	2|2	0.223807	2|2	0.212202
chr4	88750000	89250000	P5_DCIS	1|1	0.321431	3|2	0.396043	3|2	0.282526
chr4	88750000	89250000	P5_INV	1|1	0.563992	3|2	0.223807	3|2	0.212202
chr4	89250000	89500000	P5_DCIS	1|1	0.321431	2|2	0.396043	2|2	0.282526
chr4	89250000	89500000	P5_INV	1|1	0.563992	2|2	0.223807	2|2	0.212202
chr4	89500000	89750000	P5_DCIS	1|1	0.321431	3|2	0.396043	3|2	0.282526
chr4	89500000	89750000	P5_INV	1|1	0.563992	3|2	0.223807	3|2	0.212202
chr4	90000000	90250000	P5_DCIS	1|1	0.321431	3|2	0.396043	3|2	0.282526
chr4	90000000	90250000	P5_INV	1|1	0.563992	3|2	0.223807	3|2	0.212202
chr4	90750000	91000000	P5_DCIS	1|1	0.321431	3|2	0.396043	3|2	0.282526
chr4	90750000	91000000	P5_INV	1|1	0.563992	3|2	0.223807	3|2	0.212202
chr4	92000000	92250000	P5_DCIS	1|1	0.321431	2|1	0.396043	2|1	0.282526
chr4	92000000	92250000	P5_INV	1|1	0.563992	2|1	0.223807	2|1	0.212202
chr4	94000000	94250000	P5_DCIS	1|1	0.321431	3|2	0.396043	3|2	0.282526
chr4	94000000	94250000	P5_INV	1|1	0.563992	3|2	0.223807	3|2	0.212202
chr4	94250000	94500000	P5_DCIS	1|1	0.321431	2|2	0.396043	2|2	0.282526
chr4	94250000	94500000	P5_INV	1|1	0.563992	2|2	0.223807	2|2	0.212202
chr4	94500000	94750000	P5_DCIS	1|1	0.321431	3|2	0.396043	3|2	0.282526
chr4	94500000	94750000	P5_INV	1|1	0.563992	3|2	0.223807	3|2	0.212202
chr4	95000000	95750000	P5_DCIS	1|1	0.321431	2|2	0.396043	2|2	0.282526
chr4	95000000	95750000	P5_INV	1|1	0.563992	2|2	0.223807	2|2	0.212202
chr4	96000000	96250000	P5_DCIS	1|1	0.321431	3|2	0.396043	3|2	0.282526
chr4	96000000	96250000	P5_INV	1|1	0.563992	3|2	0.223807	3|2	0.212202
chr4	97000000	97250000	P5_DCIS	1|1	0.321431	2|1	0.396043	2|1	0.282526
chr4	97000000	97250000	P5_INV	1|1	0.563992	2|1	0.223807	2|1	0.212202
chr4	98750000	99500000	P5_DCIS	1|1	0.321431	2|2	0.396043	2|2	0.282526
chr4	98750000	99500000	P5_INV	1|1	0.563992	2|2	0.223807	2|2	0.212202
chr4	99750000	100250000	P5_DCIS	1|1	0.321431	3|2	0.396043	3|2	0.282526
chr4	99750000	100250000	P5_INV	1|1	0.563992	3|2	0.223807	3|2	0.212202
chr4	100250000	100500000	P5_DCIS	1|1	0.321431	2|2	0.396043	2|2	0.282526
chr4	100250000	100500000	P5_INV	1|1	0.563992	2|2	0.223807	2|2	0.212202
chr4	100500000	101500000	P5_DCIS	1|1	0.321431	3|2	0.396043	3|2	0.282526
chr4	100500000	101500000	P5_INV	1|1	0.563992	3|2	0.223807	3|2	0.212202
chr4	102000000	102500000	P5_DCIS	1|1	0.321431	3|2	0.396043	3|2	0.282526
chr4	102000000	102500000	P5_INV	1|1	0.563992	3|2	0.223807	3|2	0.212202
chr4	102750000	103250000	P5_DCIS	1|1	0.321431	5|2	0.396043	2|2	0.282526
chr4	102750000	103250000	P5_INV	1|1	0.563992	5|2	0.223807	2|2	0.212202
chr4	103500000	104000000	P5_DCIS	1|1	0.321431	5|2	0.396043	2|2	0.282526
chr4	103500000	104000000	P5_INV	1|1	0.563992	5|2	0.223807	2|2	0.212202
chr4	104000000	104250000	P5_DCIS	1|1	0.321431	2|2	0.396043	2|2	0.282526
chr4	104000000	104250000	P5_INV	1|1	0.563992	2|2	0.223807	2|2	0.212202
chr4	104250000	104750000	P5_DCIS	1|1	0.321431	3|2	0.396043	3|2	0.282526
chr4	104250000	104750000	P5_INV	1|1	0.563992	3|2	0.223807	3|2	0.212202
chr4	105250000	105500000	P5_DCIS	1|1	0.321431	3|2	0.396043	3|2	0.282526
chr4	105250000	105500000	P5_INV	1|1	0.563992	3|2	0.223807	3|2	0.212202
chr4	106000000	106250000	P5_DCIS	1|1	0.321431	3|2	0.396043	3|2	0.282526
chr4	106000000	106250000	P5_INV	1|1	0.563992	3|2	0.223807	3|2	0.212202
chr4	106250000	106500000	P5_DCIS	1|1	0.321431	5|2	0.396043	2|2	0.282526
chr4	106250000	106500000	P5_INV	1|1	0.563992	5|2	0.223807	2|2	0.212202
chr4	106500000	107000000	P5_DCIS	1|1	0.321431	3|2	0.396043	3|2	0.282526
chr4	106500000	107000000	P5_INV	1|1	0.563992	3|2	0.223807	3|2	0.212202
chr4	107250000	107500000	P5_DCIS	1|1	0.321431	3|2	0.396043	3|2	0.282526
chr4	107250000	107500000	P5_INV	1|1	0.563992	3|2	0.223807	3|2	0.212202
chr4	107750000	108000000	P5_DCIS	1|1	0.321431	3|2	0.396043	3|2	0.282526
chr4	107750000	108000000	P5_INV	1|1	0.563992	3|2	0.223807	3|2	0.212202
chr4	108000000	108250000	P5_DCIS	1|1	0.321431	2|2	0.396043	2|2	0.282526
chr4	108000000	108250000	P5_INV	1|1	0.563992	2|2	0.223807	2|2	0.212202
chr4	108500000	108750000	P5_DCIS	1|1	0.321431	3|2	0.396043	3|2	0.282526
chr4	108500000	108750000	P5_INV	1|1	0.563992	3|2	0.223807	3|2	0.212202
chr4	109250000	110000000	P5_DCIS	1|1	0.321431	2|2	0.396043	2|2	0.282526
chr4	109250000	110000000	P5_INV	1|1	0.563992	2|2	0.223807	2|2	0.212202
chr4	110250000	110500000	P5_DCIS	1|1	0.321431	3|2	0.396043	3|2	0.282526
chr4	110250000	110500000	P5_INV	1|1	0.563992	3|2	0.223807	3|2	0.212202
chr4	110500000	110750000	P5_DCIS	1|1	0.321431	2|2	0.396043	2|2	0.282526
chr4	110500000	110750000	P5_INV	1|1	0.563992	2|2	0.223807	2|2	0.212202
chr4	110750000	111250000	P5_DCIS	1|1	0.321431	3|2	0.396043	3|2	0.282526
chr4	110750000	111250000	P5_INV	1|1	0.563992	3|2	0.223807	3|2	0.212202
chr4	111250000	111500000	P5_DCIS	1|1	0.321431	2|2	0.396043	2|2	0.282526
chr4	111250000	111500000	P5_INV	1|1	0.563992	2|2	0.223807	2|2	0.212202
chr4	111750000	112000000	P5_DCIS	1|1	0.321431	2|2	0.396043	2|2	0.282526
chr4	111750000	112000000	P5_INV	1|1	0.563992	2|2	0.223807	2|2	0.212202
chr4	113000000	113250000	P5_DCIS	1|1	0.321431	3|2	0.396043	3|2	0.282526
chr4	113000000	113250000	P5_INV	1|1	0.563992	3|2	0.223807	3|2	0.212202
chr4	113250000	113500000	P5_DCIS	1|1	0.321431	5|2	0.396043	2|2	0.282526
chr4	113250000	113500000	P5_INV	1|1	0.563992	5|2	0.223807	2|2	0.212202
chr4	113500000	113750000	P5_DCIS	1|1	0.321431	3|2	0.396043	3|2	0.282526
chr4	113500000	113750000	P5_INV	1|1	0.563992	3|2	0.223807	3|2	0.212202
chr4	114000000	114500000	P5_DCIS	1|1	0.321431	3|2	0.396043	3|2	0.282526
chr4	114000000	114500000	P5_INV	1|1	0.563992	3|2	0.223807	3|2	0.212202
chr4	116750000	117000000	P5_DCIS	1|1	0.321431	2|1	0.396043	2|1	0.282526
chr4	116750000	117000000	P5_INV	1|1	0.563992	2|1	0.223807	2|1	0.212202
chr4	117000000	117250000	P5_DCIS	1|1	0.321431	2|2	0.396043	2|2	0.282526
chr4	117000000	117250000	P5_INV	1|1	0.563992	2|2	0.223807	2|2	0.212202
chr4	117500000	117750000	P5_DCIS	1|1	0.321431	2|2	0.396043	2|2	0.282526
chr4	117500000	117750000	P5_INV	1|1	0.563992	2|2	0.223807	2|2	0.212202
chr4	119000000	119250000	P5_DCIS	1|1	0.321431	2|2	0.396043	2|2	0.282526
chr4	119000000	119250000	P5_INV	1|1	0.563992	2|2	0.223807	2|2	0.212202
chr4	119250000	119500000	P5_DCIS	1|1	0.321431	2|1	0.396043	5|0	0.282526
chr4	119250000	119500000	P5_INV	1|1	0.563992	2|1	0.223807	5|0	0.212202
chr4	119500000	119750000	P5_DCIS	1|1	0.321431	3|2	0.396043	3|2	0.282526
chr4	119500000	119750000	P5_INV	1|1	0.563992	3|2	0.223807	3|2	0.212202
chr4	119750000	120000000	P5_DCIS	1|1	0.321431	2|2	0.396043	2|2	0.282526
chr4	119750000	120000000	P5_INV	1|1	0.563992	2|2	0.223807	2|2	0.212202
chr4	120250000	120500000	P5_DCIS	1|1	0.321431	2|2	0.396043	2|2	0.282526
chr4	120250000	120500000	P5_INV	1|1	0.563992	2|2	0.223807	2|2	0.212202
chr4	121500000	124000000	P5_DCIS	1|1	0.321431	2|2	0.396043	2|2	0.282526
chr4	121500000	124000000	P5_INV	1|1	0.563992	2|2	0.223807	2|2	0.212202
chr4	124000000	124250000	P5_DCIS	1|1	0.321431	3|1	0.396043	3|1	0.282526
chr4	124000000	124250000	P5_INV	1|1	0.563992	3|1	0.223807	3|1	0.212202
chr4	124250000	124500000	P5_DCIS	1|1	0.321431	2|1	0.396043	2|1	0.282526
chr4	124250000	124500000	P5_INV	1|1	0.563992	2|1	0.223807	2|1	0.212202
chr4	125250000	125500000	P5_DCIS	1|1	0.321431	2|1	0.396043	2|1	0.282526
chr4	125250000	125500000	P5_INV	1|1	0.563992	2|1	0.223807	2|1	0.212202
chr4	126000000	126500000	P5_DCIS	1|1	0.321431	2|2	0.396043	2|2	0.282526
chr4	126000000	126500000	P5_INV	1|1	0.563992	2|2	0.223807	2|2	0.212202
chr4	126500000	126750000	P5_DCIS	1|1	0.321431	2|1	0.396043	5|0	0.282526
chr4	126500000	126750000	P5_INV	1|1	0.563992	2|1	0.223807	5|0	0.212202
chr4	127250000	127500000	P5_DCIS	1|1	0.321431	2|2	0.396043	2|2	0.282526
chr4	127250000	127500000	P5_INV	1|1	0.563992	2|2	0.223807	2|2	0.212202
chr4	128500000	129500000	P5_DCIS	1|1	0.321431	2|2	0.396043	2|2	0.282526
chr4	128500000	129500000	P5_INV	1|1	0.563992	2|2	0.223807	2|2	0.212202
chr4	129750000	130250000	P5_DCIS	1|1	0.321431	2|2	0.396043	2|2	0.282526
chr4	129750000	130250000	P5_INV	1|1	0.563992	2|2	0.223807	2|2	0.212202
chr4	133000000	133250000	P5_DCIS	1|1	0.321431	2|2	0.396043	3|0	0.282526
chr4	133000000	133250000	P5_INV	1|1	0.563992	2|2	0.223807	3|0	0.212202
chr4	134250000	134500000	P5_DCIS	1|1	0.321431	2|2	0.396043	2|2	0.282526
chr4	134250000	134500000	P5_INV	1|1	0.563992	2|2	0.223807	2|2	0.212202
chr4	135750000	136000000	P5_DCIS	1|1	0.321431	3|2	0.396043	3|2	0.282526
chr4	135750000	136000000	P5_INV	1|1	0.563992	3|2	0.223807	3|2	0.212202
chr4	136250000	136500000	P5_DCIS	1|1	0.321431	3|2	0.396043	3|2	0.282526
chr4	136250000	136500000	P5_INV	1|1	0.563992	3|2	0.223807	3|2	0.212202
chr4	138250000	138500000	P5_DCIS	1|1	0.321431	3|2	0.396043	3|2	0.282526
chr4	138250000	138500000	P5_INV	1|1	0.563992	3|2	0.223807	3|2	0.212202
chr4	139000000	139250000	P5_DCIS	1|1	0.321431	2|2	0.396043	2|2	0.282526
chr4	139000000	139250000	P5_INV	1|1	0.563992	2|2	0.223807	2|2	0.212202
chr4	139250000	139500000	P5_DCIS	1|1	0.321431	5|2	0.396043	2|2	0.282526
chr4	139250000	139500000	P5_INV	1|1	0.563992	5|2	0.223807	2|2	0.212202
chr4	139750000	140000000	P5_DCIS	1|1	0.321431	5|2	0.396043	4|2	0.282526
chr4	139750000	140000000	P5_INV	1|1	0.563992	5|2	0.223807	4|2	0.212202
chr4	140000000	140250000	P5_DCIS	1|1	0.321431	8|2	0.396043	2|2	0.282526
chr4	140000000	140250000	P5_INV	1|1	0.563992	8|2	0.223807	2|2	0.212202
chr4	140250000	140500000	P5_DCIS	1|1	0.321431	3|2	0.396043	3|2	0.282526
chr4	140250000	140500000	P5_INV	1|1	0.563992	3|2	0.223807	3|2	0.212202
chr4	140750000	141000000	P5_DCIS	1|1	0.321431	2|2	0.396043	6|1	0.282526
chr4	140750000	141000000	P5_INV	1|1	0.563992	2|2	0.223807	6|1	0.212202
chr4	141500000	142000000	P5_DCIS	1|1	0.321431	5|2	0.396043	2|2	0.282526
chr4	141500000	142000000	P5_INV	1|1	0.563992	5|2	0.223807	2|2	0.212202
chr4	142750000	143250000	P5_DCIS	1|1	0.321431	4|4	0.396043	2|2	0.282526
chr4	142750000	143250000	P5_INV	1|1	0.563992	4|4	0.223807	2|2	0.212202
chr4	143250000	143500000	P5_DCIS	1|1	0.321431	7|4	0.396043	3|2	0.282526
chr4	143250000	143500000	P5_INV	1|1	0.563992	7|4	0.223807	3|2	0.212202
chr4	144250000	144500000	P5_DCIS	1|1	0.321431	4|4	0.396043	2|2	0.282526
chr4	144250000	144500000	P5_INV	1|1	0.563992	4|4	0.223807	2|2	0.212202
chr4	144500000	144750000	P5_DCIS	1|1	0.321431	3|2	0.396043	3|2	0.282526
chr4	144500000	144750000	P5_INV	1|1	0.563992	3|2	0.223807	3|2	0.212202
chr4	144750000	145000000	P5_DCIS	1|1	0.321431	5|2	0.396043	2|2	0.282526
chr4	144750000	145000000	P5_INV	1|1	0.563992	5|2	0.223807	2|2	0.212202
chr4	145000000	145250000	P5_DCIS	1|1	0.321431	3|2	0.396043	3|2	0.282526
chr4	145000000	145250000	P5_INV	1|1	0.563992	3|2	0.223807	3|2	0.212202
chr4	146000000	146500000	P5_DCIS	1|1	0.321431	3|2	0.396043	3|2	0.282526
chr4	146000000	146500000	P5_INV	1|1	0.563992	3|2	0.223807	3|2	0.212202
chr4	146500000	146750000	P5_DCIS	1|1	0.321431	5|2	0.396043	2|2	0.282526
chr4	146500000	146750000	P5_INV	1|1	0.563992	5|2	0.223807	2|2	0.212202
chr4	147000000	147250000	P5_DCIS	1|1	0.321431	3|2	0.396043	3|2	0.282526
chr4	147000000	147250000	P5_INV	1|1	0.563992	3|2	0.223807	3|2	0.212202
chr4	147250000	148000000	P5_DCIS	1|1	0.321431	4|4	0.396043	2|2	0.282526
chr4	147250000	148000000	P5_INV	1|1	0.563992	4|4	0.223807	2|2	0.212202
chr4	148250000	148500000	P5_DCIS	1|1	0.321431	3|2	0.396043	3|2	0.282526
chr4	148250000	148500000	P5_INV	1|1	0.563992	3|2	0.223807	3|2	0.212202
chr4	148750000	149250000	P5_DCIS	1|1	0.321431	3|2	0.396043	3|2	0.282526
chr4	148750000	149250000	P5_INV	1|1	0.563992	3|2	0.223807	3|2	0.212202
chr4	149250000	149500000	P5_DCIS	1|1	0.321431	4|4	0.396043	2|2	0.282526
chr4	149250000	149500000	P5_INV	1|1	0.563992	4|4	0.223807	2|2	0.212202
chr4	149500000	149750000	P5_DCIS	1|1	0.321431	3|2	0.396043	3|2	0.282526
chr4	149500000	149750000	P5_INV	1|1	0.563992	3|2	0.223807	3|2	0.212202
chr4	151000000	151250000	P5_DCIS	1|1	0.321431	3|2	0.396043	3|2	0.282526
chr4	151000000	151250000	P5_INV	1|1	0.563992	3|2	0.223807	3|2	0.212202
chr4	151250000	151500000	P5_DCIS	1|1	0.321431	4|4	0.396043	2|2	0.282526
chr4	151250000	151500000	P5_INV	1|1	0.563992	4|4	0.223807	2|2	0.212202
chr4	151500000	151750000	P5_DCIS	1|1	0.321431	7|4	0.396043	3|2	0.282526
chr4	151500000	151750000	P5_INV	1|1	0.563992	7|4	0.223807	3|2	0.212202
chr4	152000000	152250000	P5_DCIS	1|1	0.321431	7|4	0.396043	3|2	0.282526
chr4	152000000	152250000	P5_INV	1|1	0.563992	7|4	0.223807	3|2	0.212202
chr4	152500000	152750000	P5_DCIS	1|1	0.321431	4|4	0.396043	2|2	0.282526
chr4	152500000	152750000	P5_INV	1|1	0.563992	4|4	0.223807	2|2	0.212202
chr4	153500000	153750000	P5_DCIS	1|1	0.321431	7|4	0.396043	3|2	0.282526
chr4	153500000	153750000	P5_INV	1|1	0.563992	7|4	0.223807	3|2	0.212202
chr4	153750000	154000000	P5_DCIS	1|1	0.321431	4|4	0.396043	2|2	0.282526
chr4	153750000	154000000	P5_INV	1|1	0.563992	4|4	0.223807	2|2	0.212202
chr4	154000000	154250000	P5_DCIS	1|1	0.321431	3|2	0.396043	3|2	0.282526
chr4	154000000	154250000	P5_INV	1|1	0.563992	3|2	0.223807	3|2	0.212202
chr4	154250000	154750000	P5_DCIS	1|1	0.321431	4|4	0.396043	2|2	0.282526
chr4	154250000	154750000	P5_INV	1|1	0.563992	4|4	0.223807	2|2	0.212202
chr4	155000000	155500000	P5_DCIS	1|1	0.321431	3|2	0.396043	3|2	0.282526
chr4	155000000	155500000	P5_INV	1|1	0.563992	3|2	0.223807	3|2	0.212202
chr4	155500000	155750000	P5_DCIS	1|1	0.321431	2|2	0.396043	2|2	0.282526
chr4	155500000	155750000	P5_INV	1|1	0.563992	2|2	0.223807	2|2	0.212202
chr4	156000000	156250000	P5_DCIS	1|1	0.321431	2|1	0.396043	2|1	0.282526
chr4	156000000	156250000	P5_INV	1|1	0.563992	2|1	0.223807	2|1	0.212202
chr4	156250000	156500000	P5_DCIS	1|1	0.321431	2|2	0.396043	2|2	0.282526
chr4	156250000	156500000	P5_INV	1|1	0.563992	2|2	0.223807	2|2	0.212202
chr4	157500000	157750000	P5_DCIS	1|1	0.321431	3|2	0.396043	3|2	0.282526
chr4	157500000	157750000	P5_INV	1|1	0.563992	3|2	0.223807	3|2	0.212202
chr4	158000000	158250000	P5_DCIS	1|1	0.321431	2|2	0.396043	2|2	0.282526
chr4	158000000	158250000	P5_INV	1|1	0.563992	2|2	0.223807	2|2	0.212202
chr4	158250000	158500000	P5_DCIS	1|1	0.321431	2|2	0.396043	3|0	0.282526
chr4	158250000	158500000	P5_INV	1|1	0.563992	2|2	0.223807	3|0	0.212202
chr4	158500000	158750000	P5_DCIS	1|1	0.321431	3|2	0.396043	3|2	0.282526
chr4	158500000	158750000	P5_INV	1|1	0.563992	3|2	0.223807	3|2	0.212202
chr4	159000000	159500000	P5_DCIS	1|1	0.321431	2|1	0.396043	2|1	0.282526
chr4	159000000	159500000	P5_INV	1|1	0.563992	2|1	0.223807	2|1	0.212202
chr4	159500000	159750000	P5_DCIS	1|1	0.321431	3|2	0.396043	3|2	0.282526
chr4	159500000	159750000	P5_INV	1|1	0.563992	3|2	0.223807	3|2	0.212202
chr4	159750000	160000000	P5_DCIS	1|1	0.321431	2|1	0.396043	2|1	0.282526
chr4	159750000	160000000	P5_INV	1|1	0.563992	2|1	0.223807	2|1	0.212202
chr4	160250000	160500000	P5_DCIS	1|1	0.321431	2|1	0.396043	2|1	0.282526
chr4	160250000	160500000	P5_INV	1|1	0.563992	2|1	0.223807	2|1	0.212202
chr4	162250000	162500000	P5_DCIS	1|1	0.321431	2|1	0.396043	2|1	0.282526
chr4	162250000	162500000	P5_INV	1|1	0.563992	2|1	0.223807	2|1	0.212202
chr4	163000000	163250000	P5_DCIS	1|1	0.321431	3|2	0.396043	3|2	0.282526
chr4	163000000	163250000	P5_INV	1|1	0.563992	3|2	0.223807	3|2	0.212202
chr4	164000000	164250000	P5_DCIS	1|1	0.321431	2|1	0.396043	2|1	0.282526
chr4	164000000	164250000	P5_INV	1|1	0.563992	2|1	0.223807	2|1	0.212202
chr4	164250000	164500000	P5_DCIS	1|1	0.321431	2|2	0.396043	2|2	0.282526
chr4	164250000	164500000	P5_INV	1|1	0.563992	2|2	0.223807	2|2	0.212202
chr4	164500000	164750000	P5_DCIS	1|1	0.321431	2|1	0.396043	2|1	0.282526
chr4	164500000	164750000	P5_INV	1|1	0.563992	2|1	0.223807	2|1	0.212202
chr4	165500000	165750000	P5_DCIS	1|1	0.321431	3|2	0.396043	3|2	0.282526
chr4	165500000	165750000	P5_INV	1|1	0.563992	3|2	0.223807	3|2	0.212202
chr4	165750000	166000000	P5_DCIS	1|1	0.321431	2|2	0.396043	3|0	0.282526
chr4	165750000	166000000	P5_INV	1|1	0.563992	2|2	0.223807	3|0	0.212202
chr4	166000000	167250000	P5_DCIS	1|1	0.321431	2|1	0.396043	2|1	0.282526
chr4	166000000	167250000	P5_INV	1|1	0.563992	2|1	0.223807	2|1	0.212202
chr4	167500000	167750000	P5_DCIS	1|1	0.321431	2|1	0.396043	2|1	0.282526
chr4	167500000	167750000	P5_INV	1|1	0.563992	2|1	0.223807	2|1	0.212202
chr4	168000000	168250000	P5_DCIS	1|1	0.321431	3|2	0.396043	3|2	0.282526
chr4	168000000	168250000	P5_INV	1|1	0.563992	3|2	0.223807	3|2	0.212202
chr4	168750000	169000000	P5_DCIS	1|1	0.321431	2|1	0.396043	2|1	0.282526
chr4	168750000	169000000	P5_INV	1|1	0.563992	2|1	0.223807	2|1	0.212202
chr4	169000000	169250000	P5_DCIS	1|1	0.321431	3|2	0.396043	3|2	0.282526
chr4	169000000	169250000	P5_INV	1|1	0.563992	3|2	0.223807	3|2	0.212202
chr4	169250000	169750000	P5_DCIS	1|1	0.321431	2|1	0.396043	2|1	0.282526
chr4	169250000	169750000	P5_INV	1|1	0.563992	2|1	0.223807	2|1	0.212202
chr4	170000000	170250000	P5_DCIS	1|1	0.321431	2|1	0.396043	2|1	0.282526
chr4	170000000	170250000	P5_INV	1|1	0.563992	2|1	0.223807	2|1	0.212202
chr4	170250000	170750000	P5_DCIS	1|1	0.321431	3|2	0.396043	3|2	0.282526
chr4	170250000	170750000	P5_INV	1|1	0.563992	3|2	0.223807	3|2	0.212202
chr4	171500000	171750000	P5_DCIS	1|1	0.321431	2|1	0.396043	2|1	0.282526
chr4	171500000	171750000	P5_INV	1|1	0.563992	2|1	0.223807	2|1	0.212202
chr4	173000000	173250000	P5_DCIS	1|1	0.321431	3|2	0.396043	3|2	0.282526
chr4	173000000	173250000	P5_INV	1|1	0.563992	3|2	0.223807	3|2	0.212202
chr4	173250000	173500000	P5_DCIS	1|1	0.321431	2|1	0.396043	2|1	0.282526
chr4	173250000	173500000	P5_INV	1|1	0.563992	2|1	0.223807	2|1	0.212202
chr4	173750000	174000000	P5_DCIS	1|1	0.321431	3|1	0.396043	3|1	0.282526
chr4	173750000	174000000	P5_INV	1|1	0.563992	3|1	0.223807	3|1	0.212202
chr4	174500000	174750000	P5_DCIS	1|1	0.321431	3|2	0.396043	3|2	0.282526
chr4	174500000	174750000	P5_INV	1|1	0.563992	3|2	0.223807	3|2	0.212202
chr4	175000000	175500000	P5_DCIS	1|1	0.321431	2|1	0.396043	2|1	0.282526
chr4	175000000	175500000	P5_INV	1|1	0.563992	2|1	0.223807	2|1	0.212202
chr4	175500000	175750000	P5_DCIS	1|1	0.321431	3|2	0.396043	3|2	0.282526
chr4	175500000	175750000	P5_INV	1|1	0.563992	3|2	0.223807	3|2	0.212202
chr4	176000000	176250000	P5_DCIS	1|1	0.321431	3|2	0.396043	3|2	0.282526
chr4	176000000	176250000	P5_INV	1|1	0.563992	3|2	0.223807	3|2	0.212202
chr4	177000000	177250000	P5_DCIS	1|1	0.321431	2|1	0.396043	2|1	0.282526
chr4	177000000	177250000	P5_INV	1|1	0.563992	2|1	0.223807	2|1	0.212202
chr4	177500000	177750000	P5_DCIS	1|1	0.321431	2|1	0.396043	2|1	0.282526
chr4	177500000	177750000	P5_INV	1|1	0.563992	2|1	0.223807	2|1	0.212202
chr4	178000000	178500000	P5_DCIS	1|1	0.321431	2|1	0.396043	2|1	0.282526
chr4	178000000	178500000	P5_INV	1|1	0.563992	2|1	0.223807	2|1	0.212202
chr4	178750000	179000000	P5_DCIS	1|1	0.321431	3|2	0.396043	3|2	0.282526
chr4	178750000	179000000	P5_INV	1|1	0.563992	3|2	0.223807	3|2	0.212202
chr4	182250000	182500000	P5_DCIS	1|1	0.321431	2|1	0.396043	2|1	0.282526
chr4	182250000	182500000	P5_INV	1|1	0.563992	2|1	0.223807	2|1	0.212202
chr4	183500000	184250000	P5_DCIS	1|1	0.321431	2|1	0.396043	2|1	0.282526
chr4	183500000	184250000	P5_INV	1|1	0.563992	2|1	0.223807	2|1	0.212202
chr4	184250000	184500000	P5_DCIS	1|1	0.321431	3|2	0.396043	3|2	0.282526
chr4	184250000	184500000	P5_INV	1|1	0.563992	3|2	0.223807	3|2	0.212202
chr4	184500000	184750000	P5_DCIS	1|1	0.321431	2|1	0.396043	2|1	0.282526
chr4	184500000	184750000	P5_INV	1|1	0.563992	2|1	0.223807	2|1	0.212202
chr4	184750000	185000000	P5_DCIS	1|1	0.321431	2|2	0.396043	2|2	0.282526
chr4	184750000	185000000	P5_INV	1|1	0.563992	2|2	0.223807	2|2	0.212202
chr4	185000000	185250000	P5_DCIS	1|1	0.321431	2|1	0.396043	2|1	0.282526
chr4	185000000	185250000	P5_INV	1|1	0.563992	2|1	0.223807	2|1	0.212202
chr4	185250000	185500000	P5_DCIS	1|1	0.321431	3|2	0.396043	3|2	0.282526
chr4	185250000	185500000	P5_INV	1|1	0.563992	3|2	0.223807	3|2	0.212202
chr4	185500000	185750000	P5_DCIS	1|1	0.321431	2|1	0.396043	2|1	0.282526
chr4	185500000	185750000	P5_INV	1|1	0.563992	2|1	0.223807	2|1	0.212202
chr4	185750000	186000000	P5_DCIS	1|1	0.321431	3|1	0.396043	3|1	0.282526
chr4	185750000	186000000	P5_INV	1|1	0.563992	3|1	0.223807	3|1	0.212202
chr4	186250000	186500000	P5_DCIS	1|1	0.321431	3|2	0.396043	3|2	0.282526
chr4	186250000	186500000	P5_INV	1|1	0.563992	3|2	0.223807	3|2	0.212202
chr4	186500000	186750000	P5_DCIS	1|1	0.321431	2|1	0.396043	2|1	0.282526
chr4	186500000	186750000	P5_INV	1|1	0.563992	2|1	0.223807	2|1	0.212202
chr4	187000000	187250000	P5_DCIS	1|1	0.321431	2|1	0.396043	2|1	0.282526
chr4	187000000	187250000	P5_INV	1|1	0.563992	2|1	0.223807	2|1	0.212202
chr4	187500000	187750000	P5_DCIS	1|1	0.321431	2|1	0.396043	2|1	0.282526
chr4	187500000	187750000	P5_INV	1|1	0.563992	2|1	0.223807	2|1	0.212202
chr4	188250000	188500000	P5_DCIS	1|1	0.321431	2|1	0.396043	2|1	0.282526
chr4	188250000	188500000	P5_INV	1|1	0.563992	2|1	0.223807	2|1	0.212202
chr4	188750000	189000000	P5_DCIS	1|1	0.321431	3|2	0.396043	3|2	0.282526
chr4	188750000	189000000	P5_INV	1|1	0.563992	3|2	0.223807	3|2	0.212202
chr4	189000000	189250000	P5_DCIS	1|1	0.321431	2|2	0.396043	3|0	0.282526
chr4	189000000	189250000	P5_INV	1|1	0.563992	2|2	0.223807	3|0	0.212202
chr4	189500000	189750000	P5_DCIS	1|1	0.321431	2|2	0.396043	3|0	0.282526
chr4	189500000	189750000	P5_INV	1|1	0.563992	2|2	0.223807	3|0	0.212202
chr5	1	750000	P5_DCIS	1|1	0.321431	3|2	0.396043	3|2	0.282526
chr5	1	750000	P5_INV	1|1	0.563992	3|2	0.223807	3|2	0.212202
chr5	750000	1000000	P5_DCIS	1|1	0.321431	3|1	0.396043	3|1	0.282526
chr5	750000	1000000	P5_INV	1|1	0.563992	3|1	0.223807	3|1	0.212202
chr5	1000000	1250000	P5_DCIS	1|1	0.321431	3|2	0.396043	3|2	0.282526
chr5	1000000	1250000	P5_INV	1|1	0.563992	3|2	0.223807	3|2	0.212202
chr5	1250000	1500000	P5_DCIS	1|1	0.321431	2|2	0.396043	2|2	0.282526
chr5	1250000	1500000	P5_INV	1|1	0.563992	2|2	0.223807	2|2	0.212202
chr5	1500000	1750000	P5_DCIS	1|1	0.321431	3|2	0.396043	3|2	0.282526
chr5	1500000	1750000	P5_INV	1|1	0.563992	3|2	0.223807	3|2	0.212202
chr5	2750000	3000000	P5_DCIS	1|1	0.321431	2|2	0.396043	2|2	0.282526
chr5	2750000	3000000	P5_INV	1|1	0.563992	2|2	0.223807	2|2	0.212202
chr5	3500000	3750000	P5_DCIS	1|1	0.321431	3|1	0.396043	3|1	0.282526
chr5	3500000	3750000	P5_INV	1|1	0.563992	3|1	0.223807	3|1	0.212202
chr5	5000000	5250000	P5_DCIS	1|1	0.321431	2|2	0.396043	3|0	0.282526
chr5	5000000	5250000	P5_INV	1|1	0.563992	2|2	0.223807	3|0	0.212202
chr5	6000000	6250000	P5_DCIS	1|1	0.321431	3|1	0.396043	3|1	0.282526
chr5	6000000	6250000	P5_INV	1|1	0.563992	3|1	0.223807	3|1	0.212202
chr5	6500000	6750000	P5_DCIS	1|1	0.321431	3|2	0.396043	3|2	0.282526
chr5	6500000	6750000	P5_INV	1|1	0.563992	3|2	0.223807	3|2	0.212202
chr5	7250000	7750000	P5_DCIS	1|1	0.321431	2|2	0.396043	3|0	0.282526
chr5	7250000	7750000	P5_INV	1|1	0.563992	2|2	0.223807	3|0	0.212202
chr5	7750000	8000000	P5_DCIS	1|1	0.321431	3|2	0.396043	3|2	0.282526
chr5	7750000	8000000	P5_INV	1|1	0.563992	3|2	0.223807	3|2	0.212202
chr5	8250000	8500000	P5_DCIS	1|1	0.321431	2|2	0.396043	3|0	0.282526
chr5	8250000	8500000	P5_INV	1|1	0.563992	2|2	0.223807	3|0	0.212202
chr5	9000000	9250000	P5_DCIS	1|1	0.321431	3|2	0.396043	3|2	0.282526
chr5	9000000	9250000	P5_INV	1|1	0.563992	3|2	0.223807	3|2	0.212202
chr5	10000000	10750000	P5_DCIS	1|1	0.321431	3|2	0.396043	3|2	0.282526
chr5	10000000	10750000	P5_INV	1|1	0.563992	3|2	0.223807	3|2	0.212202
chr5	10750000	11000000	P5_DCIS	1|1	0.321431	2|2	0.396043	3|0	0.282526
chr5	10750000	11000000	P5_INV	1|1	0.563992	2|2	0.223807	3|0	0.212202
chr5	11000000	11250000	P5_DCIS	1|1	0.321431	2|2	0.396043	2|2	0.282526
chr5	11000000	11250000	P5_INV	1|1	0.563992	2|2	0.223807	2|2	0.212202
chr5	13500000	14000000	P5_DCIS	1|1	0.321431	3|2	0.396043	3|2	0.282526
chr5	13500000	14000000	P5_INV	1|1	0.563992	3|2	0.223807	3|2	0.212202
chr5	14250000	15000000	P5_DCIS	1|1	0.321431	3|2	0.396043	3|2	0.282526
chr5	14250000	15000000	P5_INV	1|1	0.563992	3|2	0.223807	3|2	0.212202
chr5	15750000	16000000	P5_DCIS	1|1	0.321431	2|2	0.396043	2|2	0.282526
chr5	15750000	16000000	P5_INV	1|1	0.563992	2|2	0.223807	2|2	0.212202
chr5	16000000	16250000	P5_DCIS	1|1	0.321431	4|4	0.396043	2|2	0.282526
chr5	16000000	16250000	P5_INV	1|1	0.563992	4|4	0.223807	2|2	0.212202
chr5	16250000	17000000	P5_DCIS	1|1	0.321431	3|2	0.396043	3|2	0.282526
chr5	16250000	17000000	P5_INV	1|1	0.563992	3|2	0.223807	3|2	0.212202
chr5	17250000	17500000	P5_DCIS	1|1	0.321431	3|2	0.396043	3|2	0.282526
chr5	17250000	17500000	P5_INV	1|1	0.563992	3|2	0.223807	3|2	0.212202
chr5	19500000	19750000	P5_DCIS	1|1	0.321431	3|2	0.396043	3|2	0.282526
chr5	19500000	19750000	P5_INV	1|1	0.563992	3|2	0.223807	3|2	0.212202
chr5	20250000	20500000	P5_DCIS	1|1	0.321431	3|2	0.396043	3|2	0.282526
chr5	20250000	20500000	P5_INV	1|1	0.563992	3|2	0.223807	3|2	0.212202
chr5	21250000	21500000	P5_DCIS	1|1	0.321431	3|2	0.396043	3|2	0.282526
chr5	21250000	21500000	P5_INV	1|1	0.563992	3|2	0.223807	3|2	0.212202
chr5	22000000	22250000	P5_DCIS	1|1	0.321431	3|2	0.396043	3|2	0.282526
chr5	22000000	22250000	P5_INV	1|1	0.563992	3|2	0.223807	3|2	0.212202
chr5	22500000	22750000	P5_DCIS	1|1	0.321431	3|2	0.396043	3|2	0.282526
chr5	22500000	22750000	P5_INV	1|1	0.563992	3|2	0.223807	3|2	0.212202
chr5	23250000	23750000	P5_DCIS	1|1	0.321431	3|2	0.396043	3|2	0.282526
chr5	23250000	23750000	P5_INV	1|1	0.563992	3|2	0.223807	3|2	0.212202
chr5	24000000	24250000	P5_DCIS	1|1	0.321431	3|2	0.396043	3|2	0.282526
chr5	24000000	24250000	P5_INV	1|1	0.563992	3|2	0.223807	3|2	0.212202
chr5	24250000	24500000	P5_DCIS	1|1	0.321431	3|1	0.396043	3|1	0.282526
chr5	24250000	24500000	P5_INV	1|1	0.563992	3|1	0.223807	3|1	0.212202
chr5	24500000	24750000	P5_DCIS	1|1	0.321431	2|2	0.396043	2|2	0.282526
chr5	24500000	24750000	P5_INV	1|1	0.563992	2|2	0.223807	2|2	0.212202
chr5	25000000	25250000	P5_DCIS	1|1	0.321431	2|1	0.396043	5|0	0.282526
chr5	25000000	25250000	P5_INV	1|1	0.563992	2|1	0.223807	5|0	0.212202
chr5	25500000	26000000	P5_DCIS	1|1	0.321431	3|2	0.396043	3|2	0.282526
chr5	25500000	26000000	P5_INV	1|1	0.563992	3|2	0.223807	3|2	0.212202
chr5	27250000	27500000	P5_DCIS	1|1	0.321431	3|2	0.396043	3|2	0.282526
chr5	27250000	27500000	P5_INV	1|1	0.563992	3|2	0.223807	3|2	0.212202
chr5	28750000	29000000	P5_DCIS	1|1	0.321431	3|1	0.396043	3|1	0.282526
chr5	28750000	29000000	P5_INV	1|1	0.563992	3|1	0.223807	3|1	0.212202
chr5	29500000	29750000	P5_DCIS	1|1	0.321431	2|2	0.396043	3|0	0.282526
chr5	29500000	29750000	P5_INV	1|1	0.563992	2|2	0.223807	3|0	0.212202
chr5	30250000	30500000	P5_DCIS	1|1	0.321431	3|2	0.396043	3|2	0.282526
chr5	30250000	30500000	P5_INV	1|1	0.563992	3|2	0.223807	3|2	0.212202
chr5	30500000	30750000	P5_DCIS	1|1	0.321431	2|2	0.396043	2|2	0.282526
chr5	30500000	30750000	P5_INV	1|1	0.563992	2|2	0.223807	2|2	0.212202
chr5	31000000	31250000	P5_DCIS	1|1	0.321431	2|2	0.396043	2|2	0.282526
chr5	31000000	31250000	P5_INV	1|1	0.563992	2|2	0.223807	2|2	0.212202
chr5	31250000	31750000	P5_DCIS	1|1	0.321431	3|2	0.396043	3|2	0.282526
chr5	31250000	31750000	P5_INV	1|1	0.563992	3|2	0.223807	3|2	0.212202
chr5	32000000	32750000	P5_DCIS	1|1	0.321431	3|2	0.396043	3|2	0.282526
chr5	32000000	32750000	P5_INV	1|1	0.563992	3|2	0.223807	3|2	0.212202
chr5	33000000	34000000	P5_DCIS	1|1	0.321431	3|2	0.396043	3|2	0.282526
chr5	33000000	34000000	P5_INV	1|1	0.563992	3|2	0.223807	3|2	0.212202
chr5	34000000	34250000	P5_DCIS	1|1	0.321431	2|1	0.396043	5|0	0.282526
chr5	34000000	34250000	P5_INV	1|1	0.563992	2|1	0.223807	5|0	0.212202
chr5	34500000	35250000	P5_DCIS	1|1	0.321431	3|2	0.396043	3|2	0.282526
chr5	34500000	35250000	P5_INV	1|1	0.563992	3|2	0.223807	3|2	0.212202
chr5	35500000	36250000	P5_DCIS	1|1	0.321431	3|2	0.396043	3|2	0.282526
chr5	35500000	36250000	P5_INV	1|1	0.563992	3|2	0.223807	3|2	0.212202
chr5	36250000	36500000	P5_DCIS	1|1	0.321431	2|2	0.396043	2|2	0.282526
chr5	36250000	36500000	P5_INV	1|1	0.563992	2|2	0.223807	2|2	0.212202
chr5	36500000	37500000	P5_DCIS	1|1	0.321431	3|2	0.396043	3|2	0.282526
chr5	36500000	37500000	P5_INV	1|1	0.563992	3|2	0.223807	3|2	0.212202
chr5	37500000	37750000	P5_DCIS	1|1	0.321431	5|2	0.396043	2|2	0.282526
chr5	37500000	37750000	P5_INV	1|1	0.563992	5|2	0.223807	2|2	0.212202
chr5	38250000	38500000	P5_DCIS	1|1	0.321431	2|2	0.396043	2|2	0.282526
chr5	38250000	38500000	P5_INV	1|1	0.563992	2|2	0.223807	2|2	0.212202
chr5	38500000	38750000	P5_DCIS	1|1	0.321431	3|2	0.396043	3|2	0.282526
chr5	38500000	38750000	P5_INV	1|1	0.563992	3|2	0.223807	3|2	0.212202
chr5	39000000	39500000	P5_DCIS	1|1	0.321431	3|2	0.396043	3|2	0.282526
chr5	39000000	39500000	P5_INV	1|1	0.563992	3|2	0.223807	3|2	0.212202
chr5	39750000	40000000	P5_DCIS	1|1	0.321431	3|2	0.396043	3|2	0.282526
chr5	39750000	40000000	P5_INV	1|1	0.563992	3|2	0.223807	3|2	0.212202
chr5	40750000	41250000	P5_DCIS	1|1	0.321431	3|2	0.396043	3|2	0.282526
chr5	40750000	41250000	P5_INV	1|1	0.563992	3|2	0.223807	3|2	0.212202
chr5	41250000	41500000	P5_DCIS	1|1	0.321431	3|1	0.396043	3|1	0.282526
chr5	41250000	41500000	P5_INV	1|1	0.563992	3|1	0.223807	3|1	0.212202
chr5	42500000	43250000	P5_DCIS	1|1	0.321431	3|2	0.396043	3|2	0.282526
chr5	42500000	43250000	P5_INV	1|1	0.563992	3|2	0.223807	3|2	0.212202
chr5	43500000	43750000	P5_DCIS	1|1	0.321431	3|2	0.396043	3|2	0.282526
chr5	43500000	43750000	P5_INV	1|1	0.563992	3|2	0.223807	3|2	0.212202
chr5	44000000	44500000	P5_DCIS	1|1	0.321431	3|2	0.396043	3|2	0.282526
chr5	44000000	44500000	P5_INV	1|1	0.563992	3|2	0.223807	3|2	0.212202
chr5	49500000	49750000	P5_DCIS	1|1	0.321431	2|2	0.396043	2|2	0.282526
chr5	49500000	49750000	P5_INV	1|1	0.563992	2|2	0.223807	2|2	0.212202
chr5	50500000	50750000	P5_DCIS	1|1	0.321431	2|1	0.396043	2|1	0.282526
chr5	50500000	50750000	P5_INV	1|1	0.563992	2|1	0.223807	2|1	0.212202
chr5	52000000	52500000	P5_DCIS	1|1	0.321431	2|2	0.396043	2|2	0.282526
chr5	52000000	52500000	P5_INV	1|1	0.563992	2|2	0.223807	2|2	0.212202
chr5	52750000	53000000	P5_DCIS	1|1	0.321431	2|2	0.396043	2|2	0.282526
chr5	52750000	53000000	P5_INV	1|1	0.563992	2|2	0.223807	2|2	0.212202
chr5	53250000	54000000	P5_DCIS	1|1	0.321431	2|2	0.396043	2|2	0.282526
chr5	53250000	54000000	P5_INV	1|1	0.563992	2|2	0.223807	2|2	0.212202
chr5	54250000	54500000	P5_DCIS	1|1	0.321431	2|2	0.396043	2|2	0.282526
chr5	54250000	54500000	P5_INV	1|1	0.563992	2|2	0.223807	2|2	0.212202
chr5	54500000	54750000	P5_DCIS	1|1	0.321431	3|1	0.396043	3|1	0.282526
chr5	54500000	54750000	P5_INV	1|1	0.563992	3|1	0.223807	3|1	0.212202
chr5	54750000	55000000	P5_DCIS	1|1	0.321431	2|1	0.396043	2|1	0.282526
chr5	54750000	55000000	P5_INV	1|1	0.563992	2|1	0.223807	2|1	0.212202
chr5	55000000	55500000	P5_DCIS	1|1	0.321431	2|2	0.396043	2|2	0.282526
chr5	55000000	55500000	P5_INV	1|1	0.563992	2|2	0.223807	2|2	0.212202
chr5	55500000	55750000	P5_DCIS	1|1	0.321431	2|2	0.396043	3|0	0.282526
chr5	55500000	55750000	P5_INV	1|1	0.563992	2|2	0.223807	3|0	0.212202
chr5	55750000	56000000	P5_DCIS	1|1	0.321431	3|2	0.396043	3|2	0.282526
chr5	55750000	56000000	P5_INV	1|1	0.563992	3|2	0.223807	3|2	0.212202
chr5	56000000	56250000	P5_DCIS	1|1	0.321431	2|2	0.396043	2|2	0.282526
chr5	56000000	56250000	P5_INV	1|1	0.563992	2|2	0.223807	2|2	0.212202
chr5	56250000	56500000	P5_DCIS	1|1	0.321431	3|2	0.396043	3|2	0.282526
chr5	56250000	56500000	P5_INV	1|1	0.563992	3|2	0.223807	3|2	0.212202
chr5	56500000	56750000	P5_DCIS	1|1	0.321431	2|2	0.396043	2|2	0.282526
chr5	56500000	56750000	P5_INV	1|1	0.563992	2|2	0.223807	2|2	0.212202
chr5	57750000	58000000	P5_DCIS	1|1	0.321431	2|2	0.396043	2|2	0.282526
chr5	57750000	58000000	P5_INV	1|1	0.563992	2|2	0.223807	2|2	0.212202
chr5	58000000	58250000	P5_DCIS	1|1	0.321431	3|2	0.396043	3|2	0.282526
chr5	58000000	58250000	P5_INV	1|1	0.563992	3|2	0.223807	3|2	0.212202
chr5	58250000	58500000	P5_DCIS	1|1	0.321431	2|2	0.396043	2|2	0.282526
chr5	58250000	58500000	P5_INV	1|1	0.563992	2|2	0.223807	2|2	0.212202
chr5	58500000	58750000	P5_DCIS	1|1	0.321431	2|1	0.396043	2|1	0.282526
chr5	58500000	58750000	P5_INV	1|1	0.563992	2|1	0.223807	2|1	0.212202
chr5	59500000	59750000	P5_DCIS	1|1	0.321431	2|1	0.396043	5|0	0.282526
chr5	59500000	59750000	P5_INV	1|1	0.563992	2|1	0.223807	5|0	0.212202
chr5	59750000	60500000	P5_DCIS	1|1	0.321431	2|2	0.396043	2|2	0.282526
chr5	59750000	60500000	P5_INV	1|1	0.563992	2|2	0.223807	2|2	0.212202
chr5	60750000	61000000	P5_DCIS	1|1	0.321431	2|2	0.396043	2|2	0.282526
chr5	60750000	61000000	P5_INV	1|1	0.563992	2|2	0.223807	2|2	0.212202
chr5	62000000	62250000	P5_DCIS	1|1	0.321431	2|2	0.396043	2|2	0.282526
chr5	62000000	62250000	P5_INV	1|1	0.563992	2|2	0.223807	2|2	0.212202
chr5	62500000	62750000	P5_DCIS	1|1	0.321431	2|2	0.396043	2|2	0.282526
chr5	62500000	62750000	P5_INV	1|1	0.563992	2|2	0.223807	2|2	0.212202
chr5	62750000	63000000	P5_DCIS	1|1	0.321431	3|2	0.396043	3|2	0.282526
chr5	62750000	63000000	P5_INV	1|1	0.563992	3|2	0.223807	3|2	0.212202
chr5	63750000	64500000	P5_DCIS	1|1	0.321431	2|2	0.396043	2|2	0.282526
chr5	63750000	64500000	P5_INV	1|1	0.563992	2|2	0.223807	2|2	0.212202
chr5	64750000	65500000	P5_DCIS	1|1	0.321431	2|2	0.396043	2|2	0.282526
chr5	64750000	65500000	P5_INV	1|1	0.563992	2|2	0.223807	2|2	0.212202
chr5	65750000	66000000	P5_DCIS	1|1	0.321431	2|2	0.396043	2|2	0.282526
chr5	65750000	66000000	P5_INV	1|1	0.563992	2|2	0.223807	2|2	0.212202
chr5	66000000	66250000	P5_DCIS	1|1	0.321431	3|2	0.396043	3|2	0.282526
chr5	66000000	66250000	P5_INV	1|1	0.563992	3|2	0.223807	3|2	0.212202
chr5	66250000	66500000	P5_DCIS	1|1	0.321431	2|2	0.396043	2|2	0.282526
chr5	66250000	66500000	P5_INV	1|1	0.563992	2|2	0.223807	2|2	0.212202
chr5	67000000	67250000	P5_DCIS	1|1	0.321431	4|4	0.396043	2|2	0.282526
chr5	67000000	67250000	P5_INV	1|1	0.563992	4|4	0.223807	2|2	0.212202
chr5	67500000	67750000	P5_DCIS	1|1	0.321431	2|2	0.396043	2|2	0.282526
chr5	67500000	67750000	P5_INV	1|1	0.563992	2|2	0.223807	2|2	0.212202
chr5	68250000	68500000	P5_DCIS	1|1	0.321431	3|2	0.396043	3|2	0.282526
chr5	68250000	68500000	P5_INV	1|1	0.563992	3|2	0.223807	3|2	0.212202
chr5	68500000	68750000	P5_DCIS	1|1	0.321431	4|4	0.396043	2|2	0.282526
chr5	68500000	68750000	P5_INV	1|1	0.563992	4|4	0.223807	2|2	0.212202
chr5	70750000	71750000	P5_DCIS	1|1	0.321431	2|2	0.396043	2|2	0.282526
chr5	70750000	71750000	P5_INV	1|1	0.563992	2|2	0.223807	2|2	0.212202
chr5	71750000	72000000	P5_DCIS	1|1	0.321431	3|2	0.396043	3|2	0.282526
chr5	71750000	72000000	P5_INV	1|1	0.563992	3|2	0.223807	3|2	0.212202
chr5	72000000	73250000	P5_DCIS	1|1	0.321431	2|2	0.396043	2|2	0.282526
chr5	72000000	73250000	P5_INV	1|1	0.563992	2|2	0.223807	2|2	0.212202
chr5	73750000	75250000	P5_DCIS	1|1	0.321431	2|2	0.396043	2|2	0.282526
chr5	73750000	75250000	P5_INV	1|1	0.563992	2|2	0.223807	2|2	0.212202
chr5	75500000	75750000	P5_DCIS	1|1	0.321431	3|2	0.396043	3|2	0.282526
chr5	75500000	75750000	P5_INV	1|1	0.563992	3|2	0.223807	3|2	0.212202
chr5	75750000	76250000	P5_DCIS	1|1	0.321431	2|2	0.396043	2|2	0.282526
chr5	75750000	76250000	P5_INV	1|1	0.563992	2|2	0.223807	2|2	0.212202
chr5	76250000	76500000	P5_DCIS	1|1	0.321431	2|2	0.396043	3|0	0.282526
chr5	76250000	76500000	P5_INV	1|1	0.563992	2|2	0.223807	3|0	0.212202
chr5	76500000	77000000	P5_DCIS	1|1	0.321431	2|2	0.396043	2|2	0.282526
chr5	76500000	77000000	P5_INV	1|1	0.563992	2|2	0.223807	2|2	0.212202
chr5	77500000	77750000	P5_DCIS	1|1	0.321431	2|2	0.396043	2|2	0.282526
chr5	77500000	77750000	P5_INV	1|1	0.563992	2|2	0.223807	2|2	0.212202
chr5	77750000	78000000	P5_DCIS	1|1	0.321431	2|1	0.396043	2|1	0.282526
chr5	77750000	78000000	P5_INV	1|1	0.563992	2|1	0.223807	2|1	0.212202
chr5	78000000	79500000	P5_DCIS	1|1	0.321431	2|2	0.396043	2|2	0.282526
chr5	78000000	79500000	P5_INV	1|1	0.563992	2|2	0.223807	2|2	0.212202
chr5	79500000	79750000	P5_DCIS	1|1	0.321431	3|2	0.396043	3|2	0.282526
chr5	79500000	79750000	P5_INV	1|1	0.563992	3|2	0.223807	3|2	0.212202
chr5	79750000	80000000	P5_DCIS	1|1	0.321431	2|2	0.396043	2|2	0.282526
chr5	79750000	80000000	P5_INV	1|1	0.563992	2|2	0.223807	2|2	0.212202
chr5	80000000	80250000	P5_DCIS	1|1	0.321431	3|2	0.396043	3|2	0.282526
chr5	80000000	80250000	P5_INV	1|1	0.563992	3|2	0.223807	3|2	0.212202
chr5	80250000	81000000	P5_DCIS	1|1	0.321431	2|2	0.396043	2|2	0.282526
chr5	80250000	81000000	P5_INV	1|1	0.563992	2|2	0.223807	2|2	0.212202
chr5	82250000	82500000	P5_DCIS	1|1	0.321431	2|2	0.396043	2|2	0.282526
chr5	82250000	82500000	P5_INV	1|1	0.563992	2|2	0.223807	2|2	0.212202
chr5	82750000	83000000	P5_DCIS	1|1	0.321431	2|2	0.396043	2|2	0.282526
chr5	82750000	83000000	P5_INV	1|1	0.563992	2|2	0.223807	2|2	0.212202
chr5	83250000	83500000	P5_DCIS	1|1	0.321431	2|2	0.396043	2|2	0.282526
chr5	83250000	83500000	P5_INV	1|1	0.563992	2|2	0.223807	2|2	0.212202
chr5	84250000	84750000	P5_DCIS	1|1	0.321431	3|2	0.396043	3|2	0.282526
chr5	84250000	84750000	P5_INV	1|1	0.563992	3|2	0.223807	3|2	0.212202
chr5	85500000	85750000	P5_DCIS	1|1	0.321431	2|1	0.396043	2|1	0.282526
chr5	85500000	85750000	P5_INV	1|1	0.563992	2|1	0.223807	2|1	0.212202
chr5	86500000	86750000	P5_DCIS	1|1	0.321431	2|2	0.396043	2|2	0.282526
chr5	86500000	86750000	P5_INV	1|1	0.563992	2|2	0.223807	2|2	0.212202
chr5	86750000	87000000	P5_DCIS	1|1	0.321431	2|2	0.396043	3|0	0.282526
chr5	86750000	87000000	P5_INV	1|1	0.563992	2|2	0.223807	3|0	0.212202
chr5	87250000	87500000	P5_DCIS	1|1	0.321431	2|2	0.396043	2|2	0.282526
chr5	87250000	87500000	P5_INV	1|1	0.563992	2|2	0.223807	2|2	0.212202
chr5	88000000	88250000	P5_DCIS	1|1	0.321431	3|2	0.396043	3|2	0.282526
chr5	88000000	88250000	P5_INV	1|1	0.563992	3|2	0.223807	3|2	0.212202
chr5	88750000	89000000	P5_DCIS	1|1	0.321431	2|2	0.396043	2|2	0.282526
chr5	88750000	89000000	P5_INV	1|1	0.563992	2|2	0.223807	2|2	0.212202
chr5	89750000	90500000	P5_DCIS	1|1	0.321431	2|2	0.396043	2|2	0.282526
chr5	89750000	90500000	P5_INV	1|1	0.563992	2|2	0.223807	2|2	0.212202
chr5	92000000	92250000	P5_DCIS	1|1	0.321431	3|2	0.396043	3|2	0.282526
chr5	92000000	92250000	P5_INV	1|1	0.563992	3|2	0.223807	3|2	0.212202
chr5	92500000	92750000	P5_DCIS	1|1	0.321431	2|2	0.396043	2|2	0.282526
chr5	92500000	92750000	P5_INV	1|1	0.563992	2|2	0.223807	2|2	0.212202
chr5	93750000	94250000	P5_DCIS	1|1	0.321431	2|2	0.396043	2|2	0.282526
chr5	93750000	94250000	P5_INV	1|1	0.563992	2|2	0.223807	2|2	0.212202
chr5	94500000	95500000	P5_DCIS	1|1	0.321431	2|2	0.396043	2|2	0.282526
chr5	94500000	95500000	P5_INV	1|1	0.563992	2|2	0.223807	2|2	0.212202
chr5	95500000	96000000	P5_DCIS	1|1	0.321431	3|2	0.396043	3|2	0.282526
chr5	95500000	96000000	P5_INV	1|1	0.563992	3|2	0.223807	3|2	0.212202
chr5	96000000	96250000	P5_DCIS	1|1	0.321431	2|2	0.396043	2|2	0.282526
chr5	96000000	96250000	P5_INV	1|1	0.563992	2|2	0.223807	2|2	0.212202
chr5	96250000	96500000	P5_DCIS	1|1	0.321431	3|2	0.396043	3|2	0.282526
chr5	96250000	96500000	P5_INV	1|1	0.563992	3|2	0.223807	3|2	0.212202
chr5	96500000	96750000	P5_DCIS	1|1	0.321431	2|2	0.396043	2|2	0.282526
chr5	96500000	96750000	P5_INV	1|1	0.563992	2|2	0.223807	2|2	0.212202
chr5	97250000	97500000	P5_DCIS	1|1	0.321431	3|2	0.396043	3|2	0.282526
chr5	97250000	97500000	P5_INV	1|1	0.563992	3|2	0.223807	3|2	0.212202
chr5	97500000	98000000	P5_DCIS	1|1	0.321431	2|1	0.396043	2|1	0.282526
chr5	97500000	98000000	P5_INV	1|1	0.563992	2|1	0.223807	2|1	0.212202
chr5	98000000	98250000	P5_DCIS	1|1	0.321431	3|2	0.396043	3|2	0.282526
chr5	98000000	98250000	P5_INV	1|1	0.563992	3|2	0.223807	3|2	0.212202
chr5	98750000	99000000	P5_DCIS	1|1	0.321431	3|1	0.396043	3|1	0.282526
chr5	98750000	99000000	P5_INV	1|1	0.563992	3|1	0.223807	3|1	0.212202
chr5	99250000	99500000	P5_DCIS	1|1	0.321431	2|1	0.396043	2|1	0.282526
chr5	99250000	99500000	P5_INV	1|1	0.563992	2|1	0.223807	2|1	0.212202
chr5	99750000	100000000	P5_DCIS	1|1	0.321431	2|2	0.396043	2|2	0.282526
chr5	99750000	100000000	P5_INV	1|1	0.563992	2|2	0.223807	2|2	0.212202
chr5	101500000	102000000	P5_DCIS	1|1	0.321431	2|2	0.396043	2|2	0.282526
chr5	101500000	102000000	P5_INV	1|1	0.563992	2|2	0.223807	2|2	0.212202
chr5	102750000	103000000	P5_DCIS	1|1	0.321431	3|2	0.396043	3|2	0.282526
chr5	102750000	103000000	P5_INV	1|1	0.563992	3|2	0.223807	3|2	0.212202
chr5	105750000	106000000	P5_DCIS	1|1	0.321431	2|2	0.396043	2|2	0.282526
chr5	105750000	106000000	P5_INV	1|1	0.563992	2|2	0.223807	2|2	0.212202
chr5	107000000	107250000	P5_DCIS	1|1	0.321431	3|2	0.396043	3|2	0.282526
chr5	107000000	107250000	P5_INV	1|1	0.563992	3|2	0.223807	3|2	0.212202
chr5	107500000	107750000	P5_DCIS	1|1	0.321431	2|2	0.396043	2|2	0.282526
chr5	107500000	107750000	P5_INV	1|1	0.563992	2|2	0.223807	2|2	0.212202
chr5	107750000	108000000	P5_DCIS	1|1	0.321431	2|1	0.396043	5|0	0.282526
chr5	107750000	108000000	P5_INV	1|1	0.563992	2|1	0.223807	5|0	0.212202
chr5	108250000	108750000	P5_DCIS	1|1	0.321431	2|2	0.396043	2|2	0.282526
chr5	108250000	108750000	P5_INV	1|1	0.563992	2|2	0.223807	2|2	0.212202
chr5	108750000	109000000	P5_DCIS	1|1	0.321431	2|1	0.396043	2|1	0.282526
chr5	108750000	109000000	P5_INV	1|1	0.563992	2|1	0.223807	2|1	0.212202
chr5	109000000	109250000	P5_DCIS	1|1	0.321431	2|2	0.396043	2|2	0.282526
chr5	109000000	109250000	P5_INV	1|1	0.563992	2|2	0.223807	2|2	0.212202
chr5	110250000	110500000	P5_DCIS	1|1	0.321431	3|2	0.396043	3|2	0.282526
chr5	110250000	110500000	P5_INV	1|1	0.563992	3|2	0.223807	3|2	0.212202
chr5	110500000	111250000	P5_DCIS	1|1	0.321431	2|2	0.396043	2|2	0.282526
chr5	110500000	111250000	P5_INV	1|1	0.563992	2|2	0.223807	2|2	0.212202
chr5	111500000	111750000	P5_DCIS	1|1	0.321431	2|2	0.396043	2|2	0.282526
chr5	111500000	111750000	P5_INV	1|1	0.563992	2|2	0.223807	2|2	0.212202
chr5	112250000	112500000	P5_DCIS	1|1	0.321431	3|2	0.396043	3|2	0.282526
chr5	112250000	112500000	P5_INV	1|1	0.563992	3|2	0.223807	3|2	0.212202
chr5	112500000	113000000	P5_DCIS	1|1	0.321431	2|2	0.396043	2|2	0.282526
chr5	112500000	113000000	P5_INV	1|1	0.563992	2|2	0.223807	2|2	0.212202
chr5	113500000	114000000	P5_DCIS	1|1	0.321431	2|2	0.396043	2|2	0.282526
chr5	113500000	114000000	P5_INV	1|1	0.563992	2|2	0.223807	2|2	0.212202
chr5	114250000	114750000	P5_DCIS	1|1	0.321431	2|2	0.396043	2|2	0.282526
chr5	114250000	114750000	P5_INV	1|1	0.563992	2|2	0.223807	2|2	0.212202
chr5	114750000	115000000	P5_DCIS	1|1	0.321431	2|1	0.396043	2|1	0.282526
chr5	114750000	115000000	P5_INV	1|1	0.563992	2|1	0.223807	2|1	0.212202
chr5	115000000	115250000	P5_DCIS	1|1	0.321431	3|2	0.396043	3|2	0.282526
chr5	115000000	115250000	P5_INV	1|1	0.563992	3|2	0.223807	3|2	0.212202
chr5	115250000	115500000	P5_DCIS	1|1	0.321431	2|2	0.396043	2|2	0.282526
chr5	115250000	115500000	P5_INV	1|1	0.563992	2|2	0.223807	2|2	0.212202
chr5	115500000	115750000	P5_DCIS	1|1	0.321431	3|2	0.396043	3|2	0.282526
chr5	115500000	115750000	P5_INV	1|1	0.563992	3|2	0.223807	3|2	0.212202
chr5	115750000	116250000	P5_DCIS	1|1	0.321431	2|2	0.396043	2|2	0.282526
chr5	115750000	116250000	P5_INV	1|1	0.563992	2|2	0.223807	2|2	0.212202
chr5	116250000	116500000	P5_DCIS	1|1	0.321431	2|2	0.396043	3|0	0.282526
chr5	116250000	116500000	P5_INV	1|1	0.563992	2|2	0.223807	3|0	0.212202
chr5	118250000	118500000	P5_DCIS	1|1	0.321431	2|2	0.396043	2|2	0.282526
chr5	118250000	118500000	P5_INV	1|1	0.563992	2|2	0.223807	2|2	0.212202
chr5	118750000	119000000	P5_DCIS	1|1	0.321431	2|2	0.396043	2|2	0.282526
chr5	118750000	119000000	P5_INV	1|1	0.563992	2|2	0.223807	2|2	0.212202
chr5	119000000	119250000	P5_DCIS	1|1	0.321431	3|2	0.396043	3|2	0.282526
chr5	119000000	119250000	P5_INV	1|1	0.563992	3|2	0.223807	3|2	0.212202
chr5	121000000	121250000	P5_DCIS	1|1	0.321431	2|2	0.396043	2|2	0.282526
chr5	121000000	121250000	P5_INV	1|1	0.563992	2|2	0.223807	2|2	0.212202
chr5	121500000	122000000	P5_DCIS	1|1	0.321431	2|2	0.396043	2|2	0.282526
chr5	121500000	122000000	P5_INV	1|1	0.563992	2|2	0.223807	2|2	0.212202
chr5	122500000	122750000	P5_DCIS	1|1	0.321431	2|2	0.396043	2|2	0.282526
chr5	122500000	122750000	P5_INV	1|1	0.563992	2|2	0.223807	2|2	0.212202
chr5	122750000	123000000	P5_DCIS	1|1	0.321431	2|2	0.396043	3|0	0.282526
chr5	122750000	123000000	P5_INV	1|1	0.563992	2|2	0.223807	3|0	0.212202
chr5	123750000	124000000	P5_DCIS	1|1	0.321431	3|2	0.396043	3|2	0.282526
chr5	123750000	124000000	P5_INV	1|1	0.563992	3|2	0.223807	3|2	0.212202
chr5	124250000	124500000	P5_DCIS	1|1	0.321431	3|1	0.396043	3|1	0.282526
chr5	124250000	124500000	P5_INV	1|1	0.563992	3|1	0.223807	3|1	0.212202
chr5	125750000	126000000	P5_DCIS	1|1	0.321431	2|2	0.396043	2|2	0.282526
chr5	125750000	126000000	P5_INV	1|1	0.563992	2|2	0.223807	2|2	0.212202
chr5	126000000	126250000	P5_DCIS	1|1	0.321431	3|2	0.396043	3|2	0.282526
chr5	126000000	126250000	P5_INV	1|1	0.563992	3|2	0.223807	3|2	0.212202
chr5	126250000	127750000	P5_DCIS	1|1	0.321431	2|2	0.396043	2|2	0.282526
chr5	126250000	127750000	P5_INV	1|1	0.563992	2|2	0.223807	2|2	0.212202
chr5	127750000	128000000	P5_DCIS	1|1	0.321431	3|2	0.396043	3|2	0.282526
chr5	127750000	128000000	P5_INV	1|1	0.563992	3|2	0.223807	3|2	0.212202
chr5	128250000	128500000	P5_DCIS	1|1	0.321431	2|2	0.396043	2|2	0.282526
chr5	128250000	128500000	P5_INV	1|1	0.563992	2|2	0.223807	2|2	0.212202
chr5	128750000	129250000	P5_DCIS	1|1	0.321431	2|2	0.396043	2|2	0.282526
chr5	128750000	129250000	P5_INV	1|1	0.563992	2|2	0.223807	2|2	0.212202
chr5	130250000	130500000	P5_DCIS	1|1	0.321431	2|2	0.396043	2|2	0.282526
chr5	130250000	130500000	P5_INV	1|1	0.563992	2|2	0.223807	2|2	0.212202
chr5	130500000	130750000	P5_DCIS	1|1	0.321431	3|2	0.396043	3|2	0.282526
chr5	130500000	130750000	P5_INV	1|1	0.563992	3|2	0.223807	3|2	0.212202
chr5	130750000	132000000	P5_DCIS	1|1	0.321431	2|2	0.396043	2|2	0.282526
chr5	130750000	132000000	P5_INV	1|1	0.563992	2|2	0.223807	2|2	0.212202
chr5	132000000	132250000	P5_DCIS	1|1	0.321431	3|2	0.396043	3|2	0.282526
chr5	132000000	132250000	P5_INV	1|1	0.563992	3|2	0.223807	3|2	0.212202
chr5	132250000	132750000	P5_DCIS	1|1	0.321431	2|2	0.396043	2|2	0.282526
chr5	132250000	132750000	P5_INV	1|1	0.563992	2|2	0.223807	2|2	0.212202
chr5	133000000	133500000	P5_DCIS	1|1	0.321431	2|2	0.396043	2|2	0.282526
chr5	133000000	133500000	P5_INV	1|1	0.563992	2|2	0.223807	2|2	0.212202
chr5	133750000	134250000	P5_DCIS	1|1	0.321431	3|2	0.396043	3|2	0.282526
chr5	133750000	134250000	P5_INV	1|1	0.563992	3|2	0.223807	3|2	0.212202
chr5	134250000	134500000	P5_DCIS	1|1	0.321431	2|2	0.396043	2|2	0.282526
chr5	134250000	134500000	P5_INV	1|1	0.563992	2|2	0.223807	2|2	0.212202
chr5	134500000	134750000	P5_DCIS	1|1	0.321431	3|2	0.396043	3|2	0.282526
chr5	134500000	134750000	P5_INV	1|1	0.563992	3|2	0.223807	3|2	0.212202
chr5	135000000	135750000	P5_DCIS	1|1	0.321431	2|2	0.396043	2|2	0.282526
chr5	135000000	135750000	P5_INV	1|1	0.563992	2|2	0.223807	2|2	0.212202
chr5	136250000	136500000	P5_DCIS	1|1	0.321431	2|2	0.396043	2|2	0.282526
chr5	136250000	136500000	P5_INV	1|1	0.563992	2|2	0.223807	2|2	0.212202
chr5	136750000	137000000	P5_DCIS	1|1	0.321431	3|2	0.396043	3|2	0.282526
chr5	136750000	137000000	P5_INV	1|1	0.563992	3|2	0.223807	3|2	0.212202
chr5	137000000	137250000	P5_DCIS	1|1	0.321431	2|2	0.396043	2|2	0.282526
chr5	137000000	137250000	P5_INV	1|1	0.563992	2|2	0.223807	2|2	0.212202
chr5	137250000	137500000	P5_DCIS	1|1	0.321431	4|4	0.396043	2|2	0.282526
chr5	137250000	137500000	P5_INV	1|1	0.563992	4|4	0.223807	2|2	0.212202
chr5	137500000	138000000	P5_DCIS	1|1	0.321431	2|2	0.396043	2|2	0.282526
chr5	137500000	138000000	P5_INV	1|1	0.563992	2|2	0.223807	2|2	0.212202
chr5	138750000	139000000	P5_DCIS	1|1	0.321431	3|2	0.396043	3|2	0.282526
chr5	138750000	139000000	P5_INV	1|1	0.563992	3|2	0.223807	3|2	0.212202
chr5	139000000	140250000	P5_DCIS	1|1	0.321431	2|2	0.396043	2|2	0.282526
chr5	139000000	140250000	P5_INV	1|1	0.563992	2|2	0.223807	2|2	0.212202
chr5	140500000	141500000	P5_DCIS	1|1	0.321431	2|2	0.396043	2|2	0.282526
chr5	140500000	141500000	P5_INV	1|1	0.563992	2|2	0.223807	2|2	0.212202
chr5	141750000	142000000	P5_DCIS	1|1	0.321431	2|2	0.396043	2|2	0.282526
chr5	141750000	142000000	P5_INV	1|1	0.563992	2|2	0.223807	2|2	0.212202
chr5	142250000	142750000	P5_DCIS	1|1	0.321431	3|2	0.396043	3|2	0.282526
chr5	142250000	142750000	P5_INV	1|1	0.563992	3|2	0.223807	3|2	0.212202
chr5	143000000	143250000	P5_DCIS	1|1	0.321431	2|2	0.396043	2|2	0.282526
chr5	143000000	143250000	P5_INV	1|1	0.563992	2|2	0.223807	2|2	0.212202
chr5	143500000	143750000	P5_DCIS	1|1	0.321431	2|2	0.396043	3|0	0.282526
chr5	143500000	143750000	P5_INV	1|1	0.563992	2|2	0.223807	3|0	0.212202
chr5	144500000	144750000	P5_DCIS	1|1	0.321431	2|2	0.396043	3|0	0.282526
chr5	144500000	144750000	P5_INV	1|1	0.563992	2|2	0.223807	3|0	0.212202
chr5	145000000	145500000	P5_DCIS	1|1	0.321431	2|2	0.396043	2|2	0.282526
chr5	145000000	145500000	P5_INV	1|1	0.563992	2|2	0.223807	2|2	0.212202
chr5	145500000	145750000	P5_DCIS	1|1	0.321431	2|2	0.396043	3|0	0.282526
chr5	145500000	145750000	P5_INV	1|1	0.563992	2|2	0.223807	3|0	0.212202
chr5	145750000	146250000	P5_DCIS	1|1	0.321431	2|2	0.396043	2|2	0.282526
chr5	145750000	146250000	P5_INV	1|1	0.563992	2|2	0.223807	2|2	0.212202
chr5	147000000	147250000	P5_DCIS	1|1	0.321431	2|2	0.396043	2|2	0.282526
chr5	147000000	147250000	P5_INV	1|1	0.563992	2|2	0.223807	2|2	0.212202
chr5	147250000	147500000	P5_DCIS	1|1	0.321431	3|2	0.396043	3|2	0.282526
chr5	147250000	147500000	P5_INV	1|1	0.563992	3|2	0.223807	3|2	0.212202
chr5	147750000	148500000	P5_DCIS	1|1	0.321431	2|2	0.396043	2|2	0.282526
chr5	147750000	148500000	P5_INV	1|1	0.563992	2|2	0.223807	2|2	0.212202
chr5	148500000	149000000	P5_DCIS	1|1	0.321431	3|2	0.396043	3|2	0.282526
chr5	148500000	149000000	P5_INV	1|1	0.563992	3|2	0.223807	3|2	0.212202
chr5	149000000	150000000	P5_DCIS	1|1	0.321431	2|2	0.396043	2|2	0.282526
chr5	149000000	150000000	P5_INV	1|1	0.563992	2|2	0.223807	2|2	0.212202
chr5	150000000	150250000	P5_DCIS	1|1	0.321431	3|2	0.396043	3|2	0.282526
chr5	150000000	150250000	P5_INV	1|1	0.563992	3|2	0.223807	3|2	0.212202
chr5	150250000	150750000	P5_DCIS	1|1	0.321431	2|2	0.396043	2|2	0.282526
chr5	150250000	150750000	P5_INV	1|1	0.563992	2|2	0.223807	2|2	0.212202
chr5	150750000	151000000	P5_DCIS	1|1	0.321431	3|2	0.396043	3|2	0.282526
chr5	150750000	151000000	P5_INV	1|1	0.563992	3|2	0.223807	3|2	0.212202
chr5	151000000	151250000	P5_DCIS	1|1	0.321431	2|2	0.396043	2|2	0.282526
chr5	151000000	151250000	P5_INV	1|1	0.563992	2|2	0.223807	2|2	0.212202
chr5	152750000	153250000	P5_DCIS	1|1	0.321431	2|2	0.396043	2|2	0.282526
chr5	152750000	153250000	P5_INV	1|1	0.563992	2|2	0.223807	2|2	0.212202
chr5	153500000	153750000	P5_DCIS	1|1	0.321431	3|2	0.396043	3|2	0.282526
chr5	153500000	153750000	P5_INV	1|1	0.563992	3|2	0.223807	3|2	0.212202
chr5	153750000	154000000	P5_DCIS	1|1	0.321431	2|2	0.396043	2|2	0.282526
chr5	153750000	154000000	P5_INV	1|1	0.563992	2|2	0.223807	2|2	0.212202
chr5	154250000	154500000	P5_DCIS	1|1	0.321431	2|2	0.396043	2|2	0.282526
chr5	154250000	154500000	P5_INV	1|1	0.563992	2|2	0.223807	2|2	0.212202
chr5	154750000	155000000	P5_DCIS	1|1	0.321431	2|2	0.396043	2|2	0.282526
chr5	154750000	155000000	P5_INV	1|1	0.563992	2|2	0.223807	2|2	0.212202
chr5	155750000	156000000	P5_DCIS	1|1	0.321431	2|2	0.396043	2|2	0.282526
chr5	155750000	156000000	P5_INV	1|1	0.563992	2|2	0.223807	2|2	0.212202
chr5	156250000	156750000	P5_DCIS	1|1	0.321431	2|2	0.396043	2|2	0.282526
chr5	156250000	156750000	P5_INV	1|1	0.563992	2|2	0.223807	2|2	0.212202
chr5	156750000	157000000	P5_DCIS	1|1	0.321431	3|2	0.396043	3|2	0.282526
chr5	156750000	157000000	P5_INV	1|1	0.563992	3|2	0.223807	3|2	0.212202
chr5	157000000	157250000	P5_DCIS	1|1	0.321431	2|2	0.396043	2|2	0.282526
chr5	157000000	157250000	P5_INV	1|1	0.563992	2|2	0.223807	2|2	0.212202
chr5	157250000	157500000	P5_DCIS	1|1	0.321431	3|2	0.396043	3|2	0.282526
chr5	157250000	157500000	P5_INV	1|1	0.563992	3|2	0.223807	3|2	0.212202
chr5	157500000	157750000	P5_DCIS	1|1	0.321431	2|2	0.396043	3|0	0.282526
chr5	157500000	157750000	P5_INV	1|1	0.563992	2|2	0.223807	3|0	0.212202
chr5	158000000	158250000	P5_DCIS	1|1	0.321431	2|2	0.396043	2|2	0.282526
chr5	158000000	158250000	P5_INV	1|1	0.563992	2|2	0.223807	2|2	0.212202
chr5	158500000	159000000	P5_DCIS	1|1	0.321431	2|2	0.396043	2|2	0.282526
chr5	158500000	159000000	P5_INV	1|1	0.563992	2|2	0.223807	2|2	0.212202
chr5	159250000	159750000	P5_DCIS	1|1	0.321431	3|2	0.396043	3|2	0.282526
chr5	159250000	159750000	P5_INV	1|1	0.563992	3|2	0.223807	3|2	0.212202
chr5	159750000	160250000	P5_DCIS	1|1	0.321431	2|2	0.396043	2|2	0.282526
chr5	159750000	160250000	P5_INV	1|1	0.563992	2|2	0.223807	2|2	0.212202
chr5	160250000	160500000	P5_DCIS	1|1	0.321431	2|1	0.396043	2|1	0.282526
chr5	160250000	160500000	P5_INV	1|1	0.563992	2|1	0.223807	2|1	0.212202
chr5	161250000	161500000	P5_DCIS	1|1	0.321431	3|2	0.396043	3|2	0.282526
chr5	161250000	161500000	P5_INV	1|1	0.563992	3|2	0.223807	3|2	0.212202
chr5	161500000	161750000	P5_DCIS	1|1	0.321431	2|2	0.396043	2|2	0.282526
chr5	161500000	161750000	P5_INV	1|1	0.563992	2|2	0.223807	2|2	0.212202
chr5	162750000	163000000	P5_DCIS	1|1	0.321431	2|2	0.396043	2|2	0.282526
chr5	162750000	163000000	P5_INV	1|1	0.563992	2|2	0.223807	2|2	0.212202
chr5	167500000	168250000	P5_DCIS	1|1	0.321431	2|2	0.396043	2|2	0.282526
chr5	167500000	168250000	P5_INV	1|1	0.563992	2|2	0.223807	2|2	0.212202
chr5	168250000	168500000	P5_DCIS	1|1	0.321431	3|2	0.396043	3|2	0.282526
chr5	168250000	168500000	P5_INV	1|1	0.563992	3|2	0.223807	3|2	0.212202
chr5	168500000	168750000	P5_DCIS	1|1	0.321431	2|2	0.396043	2|2	0.282526
chr5	168500000	168750000	P5_INV	1|1	0.563992	2|2	0.223807	2|2	0.212202
chr5	169000000	169750000	P5_DCIS	1|1	0.321431	2|2	0.396043	2|2	0.282526
chr5	169000000	169750000	P5_INV	1|1	0.563992	2|2	0.223807	2|2	0.212202
chr5	170000000	170750000	P5_DCIS	1|1	0.321431	2|2	0.396043	2|2	0.282526
chr5	170000000	170750000	P5_INV	1|1	0.563992	2|2	0.223807	2|2	0.212202
chr5	170750000	171000000	P5_DCIS	1|1	0.321431	3|2	0.396043	3|2	0.282526
chr5	170750000	171000000	P5_INV	1|1	0.563992	3|2	0.223807	3|2	0.212202
chr5	171250000	172250000	P5_DCIS	1|1	0.321431	2|2	0.396043	2|2	0.282526
chr5	171250000	172250000	P5_INV	1|1	0.563992	2|2	0.223807	2|2	0.212202
chr5	172250000	172500000	P5_DCIS	1|1	0.321431	3|2	0.396043	3|2	0.282526
chr5	172250000	172500000	P5_INV	1|1	0.563992	3|2	0.223807	3|2	0.212202
chr5	172500000	172750000	P5_DCIS	1|1	0.321431	2|2	0.396043	2|2	0.282526
chr5	172500000	172750000	P5_INV	1|1	0.563992	2|2	0.223807	2|2	0.212202
chr5	173000000	173250000	P5_DCIS	1|1	0.321431	2|2	0.396043	2|2	0.282526
chr5	173000000	173250000	P5_INV	1|1	0.563992	2|2	0.223807	2|2	0.212202
chr5	173250000	173500000	P5_DCIS	1|1	0.321431	2|1	0.396043	2|1	0.282526
chr5	173250000	173500000	P5_INV	1|1	0.563992	2|1	0.223807	2|1	0.212202
chr5	173750000	174000000	P5_DCIS	1|1	0.321431	2|2	0.396043	3|0	0.282526
chr5	173750000	174000000	P5_INV	1|1	0.563992	2|2	0.223807	3|0	0.212202
chr5	174250000	174500000	P5_DCIS	1|1	0.321431	3|2	0.396043	3|2	0.282526
chr5	174250000	174500000	P5_INV	1|1	0.563992	3|2	0.223807	3|2	0.212202
chr5	175250000	175750000	P5_DCIS	1|1	0.321431	2|1	0.396043	2|1	0.282526
chr5	175250000	175750000	P5_INV	1|1	0.563992	2|1	0.223807	2|1	0.212202
chr5	175750000	176750000	P5_DCIS	1|1	0.321431	2|2	0.396043	2|2	0.282526
chr5	175750000	176750000	P5_INV	1|1	0.563992	2|2	0.223807	2|2	0.212202
chr5	176750000	177500000	P5_DCIS	1|1	0.321431	3|2	0.396043	3|2	0.282526
chr5	176750000	177500000	P5_INV	1|1	0.563992	3|2	0.223807	3|2	0.212202
chr5	177500000	177750000	P5_DCIS	1|1	0.321431	2|2	0.396043	2|2	0.282526
chr5	177500000	177750000	P5_INV	1|1	0.563992	2|2	0.223807	2|2	0.212202
chr5	178000000	178750000	P5_DCIS	1|1	0.321431	2|2	0.396043	2|2	0.282526
chr5	178000000	178750000	P5_INV	1|1	0.563992	2|2	0.223807	2|2	0.212202
chr5	178750000	179000000	P5_DCIS	1|1	0.321431	3|2	0.396043	3|2	0.282526
chr5	178750000	179000000	P5_INV	1|1	0.563992	3|2	0.223807	3|2	0.212202
chr5	179000000	180000000	P5_DCIS	1|1	0.321431	2|2	0.396043	2|2	0.282526
chr5	179000000	180000000	P5_INV	1|1	0.563992	2|2	0.223807	2|2	0.212202
chr5	180000000	180250000	P5_DCIS	1|1	0.321431	3|2	0.396043	3|2	0.282526
chr5	180000000	180250000	P5_INV	1|1	0.563992	3|2	0.223807	3|2	0.212202
chr5	180500000	180750000	P5_DCIS	1|1	0.321431	3|2	0.396043	3|2	0.282526
chr5	180500000	180750000	P5_INV	1|1	0.563992	3|2	0.223807	3|2	0.212202
chr6	250000	750000	P5_DCIS	1|1	0.321431	3|2	0.396043	3|2	0.282526
chr6	250000	750000	P5_INV	1|1	0.563992	3|2	0.223807	3|2	0.212202
chr6	1250000	1500000	P5_DCIS	1|1	0.321431	2|2	0.396043	3|0	0.282526
chr6	1250000	1500000	P5_INV	1|1	0.563992	2|2	0.223807	3|0	0.212202
chr6	1500000	1750000	P5_DCIS	1|1	0.321431	3|2	0.396043	3|2	0.282526
chr6	1500000	1750000	P5_INV	1|1	0.563992	3|2	0.223807	3|2	0.212202
chr6	1750000	2000000	P5_DCIS	1|1	0.321431	3|1	0.396043	3|1	0.282526
chr6	1750000	2000000	P5_INV	1|1	0.563992	3|1	0.223807	3|1	0.212202
chr6	2500000	3500000	P5_DCIS	1|1	0.321431	3|2	0.396043	3|2	0.282526
chr6	2500000	3500000	P5_INV	1|1	0.563992	3|2	0.223807	3|2	0.212202
chr6	3500000	3750000	P5_DCIS	1|1	0.321431	2|2	0.396043	2|2	0.282526
chr6	3500000	3750000	P5_INV	1|1	0.563992	2|2	0.223807	2|2	0.212202
chr6	3750000	4250000	P5_DCIS	1|1	0.321431	3|2	0.396043	3|2	0.282526
chr6	3750000	4250000	P5_INV	1|1	0.563992	3|2	0.223807	3|2	0.212202
chr6	4500000	5250000	P5_DCIS	1|1	0.321431	3|2	0.396043	3|2	0.282526
chr6	4500000	5250000	P5_INV	1|1	0.563992	3|2	0.223807	3|2	0.212202
chr6	5250000	5500000	P5_DCIS	1|1	0.321431	5|2	0.396043	2|2	0.282526
chr6	5250000	5500000	P5_INV	1|1	0.563992	5|2	0.223807	2|2	0.212202
chr6	5500000	5750000	P5_DCIS	1|1	0.321431	2|2	0.396043	3|0	0.282526
chr6	5500000	5750000	P5_INV	1|1	0.563992	2|2	0.223807	3|0	0.212202
chr6	5750000	6000000	P5_DCIS	1|1	0.321431	2|2	0.396043	2|2	0.282526
chr6	5750000	6000000	P5_INV	1|1	0.563992	2|2	0.223807	2|2	0.212202
chr6	6000000	6250000	P5_DCIS	1|1	0.321431	3|2	0.396043	3|2	0.282526
chr6	6000000	6250000	P5_INV	1|1	0.563992	3|2	0.223807	3|2	0.212202
chr6	6250000	6500000	P5_DCIS	1|1	0.321431	3|1	0.396043	3|1	0.282526
chr6	6250000	6500000	P5_INV	1|1	0.563992	3|1	0.223807	3|1	0.212202
chr6	6500000	6750000	P5_DCIS	1|1	0.321431	3|2	0.396043	3|2	0.282526
chr6	6500000	6750000	P5_INV	1|1	0.563992	3|2	0.223807	3|2	0.212202
chr6	6750000	7000000	P5_DCIS	1|1	0.321431	3|1	0.396043	3|1	0.282526
chr6	6750000	7000000	P5_INV	1|1	0.563992	3|1	0.223807	3|1	0.212202
chr6	7000000	7500000	P5_DCIS	1|1	0.321431	3|2	0.396043	3|2	0.282526
chr6	7000000	7500000	P5_INV	1|1	0.563992	3|2	0.223807	3|2	0.212202
chr6	7500000	7750000	P5_DCIS	1|1	0.321431	2|2	0.396043	2|2	0.282526
chr6	7500000	7750000	P5_INV	1|1	0.563992	2|2	0.223807	2|2	0.212202
chr6	7750000	8000000	P5_DCIS	1|1	0.321431	2|2	0.396043	3|0	0.282526
chr6	7750000	8000000	P5_INV	1|1	0.563992	2|2	0.223807	3|0	0.212202
chr6	8000000	8250000	P5_DCIS	1|1	0.321431	3|2	0.396043	3|2	0.282526
chr6	8000000	8250000	P5_INV	1|1	0.563992	3|2	0.223807	3|2	0.212202
chr6	8250000	8500000	P5_DCIS	1|1	0.321431	2|2	0.396043	2|2	0.282526
chr6	8250000	8500000	P5_INV	1|1	0.563992	2|2	0.223807	2|2	0.212202
chr6	9750000	10000000	P5_DCIS	1|1	0.321431	2|2	0.396043	2|2	0.282526
chr6	9750000	10000000	P5_INV	1|1	0.563992	2|2	0.223807	2|2	0.212202
chr6	10000000	10250000	P5_DCIS	1|1	0.321431	3|2	0.396043	3|2	0.282526
chr6	10000000	10250000	P5_INV	1|1	0.563992	3|2	0.223807	3|2	0.212202
chr6	10250000	10500000	P5_DCIS	1|1	0.321431	2|2	0.396043	2|2	0.282526
chr6	10250000	10500000	P5_INV	1|1	0.563992	2|2	0.223807	2|2	0.212202
chr6	10500000	11000000	P5_DCIS	1|1	0.321431	3|2	0.396043	3|2	0.282526
chr6	10500000	11000000	P5_INV	1|1	0.563992	3|2	0.223807	3|2	0.212202
chr6	11000000	11250000	P5_DCIS	1|1	0.321431	2|2	0.396043	6|1	0.282526
chr6	11000000	11250000	P5_INV	1|1	0.563992	2|2	0.223807	6|1	0.212202
chr6	11500000	12000000	P5_DCIS	1|1	0.321431	3|2	0.396043	3|2	0.282526
chr6	11500000	12000000	P5_INV	1|1	0.563992	3|2	0.223807	3|2	0.212202
chr6	12000000	12500000	P5_DCIS	1|1	0.321431	2|2	0.396043	2|2	0.282526
chr6	12000000	12500000	P5_INV	1|1	0.563992	2|2	0.223807	2|2	0.212202
chr6	12500000	12750000	P5_DCIS	1|1	0.321431	4|4	0.396043	2|2	0.282526
chr6	12500000	12750000	P5_INV	1|1	0.563992	4|4	0.223807	2|2	0.212202
chr6	12750000	13000000	P5_DCIS	1|1	0.321431	3|2	0.396043	3|2	0.282526
chr6	12750000	13000000	P5_INV	1|1	0.563992	3|2	0.223807	3|2	0.212202
chr6	13250000	14000000	P5_DCIS	1|1	0.321431	3|2	0.396043	3|2	0.282526
chr6	13250000	14000000	P5_INV	1|1	0.563992	3|2	0.223807	3|2	0.212202
chr6	14000000	14250000	P5_DCIS	1|1	0.321431	2|2	0.396043	2|2	0.282526
chr6	14000000	14250000	P5_INV	1|1	0.563992	2|2	0.223807	2|2	0.212202
chr6	15000000	15250000	P5_DCIS	1|1	0.321431	4|4	0.396043	2|2	0.282526
chr6	15000000	15250000	P5_INV	1|1	0.563992	4|4	0.223807	2|2	0.212202
chr6	15500000	15750000	P5_DCIS	1|1	0.321431	3|2	0.396043	3|2	0.282526
chr6	15500000	15750000	P5_INV	1|1	0.563992	3|2	0.223807	3|2	0.212202
chr6	16000000	16500000	P5_DCIS	1|1	0.321431	3|2	0.396043	3|2	0.282526
chr6	16000000	16500000	P5_INV	1|1	0.563992	3|2	0.223807	3|2	0.212202
chr6	17500000	18250000	P5_DCIS	1|1	0.321431	3|2	0.396043	3|2	0.282526
chr6	17500000	18250000	P5_INV	1|1	0.563992	3|2	0.223807	3|2	0.212202
chr6	18250000	18750000	P5_DCIS	1|1	0.321431	4|4	0.396043	2|2	0.282526
chr6	18250000	18750000	P5_INV	1|1	0.563992	4|4	0.223807	2|2	0.212202
chr6	19500000	19750000	P5_DCIS	1|1	0.321431	2|2	0.396043	5|2	0.282526
chr6	19500000	19750000	P5_INV	1|1	0.563992	2|2	0.223807	5|2	0.212202
chr6	20000000	20250000	P5_DCIS	1|1	0.321431	3|2	0.396043	3|2	0.282526
chr6	20000000	20250000	P5_INV	1|1	0.563992	3|2	0.223807	3|2	0.212202
chr6	20250000	20500000	P5_DCIS	1|1	0.321431	2|2	0.396043	2|2	0.282526
chr6	20250000	20500000	P5_INV	1|1	0.563992	2|2	0.223807	2|2	0.212202
chr6	20500000	21500000	P5_DCIS	1|1	0.321431	3|2	0.396043	3|2	0.282526
chr6	20500000	21500000	P5_INV	1|1	0.563992	3|2	0.223807	3|2	0.212202
chr6	22250000	22500000	P5_DCIS	1|1	0.321431	3|2	0.396043	3|2	0.282526
chr6	22250000	22500000	P5_INV	1|1	0.563992	3|2	0.223807	3|2	0.212202
chr6	22500000	22750000	P5_DCIS	1|1	0.321431	2|2	0.396043	2|2	0.282526
chr6	22500000	22750000	P5_INV	1|1	0.563992	2|2	0.223807	2|2	0.212202
chr6	23750000	24000000	P5_DCIS	1|1	0.321431	2|2	0.396043	3|0	0.282526
chr6	23750000	24000000	P5_INV	1|1	0.563992	2|2	0.223807	3|0	0.212202
chr6	24000000	24250000	P5_DCIS	1|1	0.321431	2|2	0.396043	6|1	0.282526
chr6	24000000	24250000	P5_INV	1|1	0.563992	2|2	0.223807	6|1	0.212202
chr6	24250000	25000000	P5_DCIS	1|1	0.321431	3|2	0.396043	3|2	0.282526
chr6	24250000	25000000	P5_INV	1|1	0.563992	3|2	0.223807	3|2	0.212202
chr6	25000000	25250000	P5_DCIS	1|1	0.321431	5|2	0.396043	2|2	0.282526
chr6	25000000	25250000	P5_INV	1|1	0.563992	5|2	0.223807	2|2	0.212202
chr6	25250000	25500000	P5_DCIS	1|1	0.321431	3|2	0.396043	3|2	0.282526
chr6	25250000	25500000	P5_INV	1|1	0.563992	3|2	0.223807	3|2	0.212202
chr6	25500000	25750000	P5_DCIS	1|1	0.321431	2|2	0.396043	2|2	0.282526
chr6	25500000	25750000	P5_INV	1|1	0.563992	2|2	0.223807	2|2	0.212202
chr6	25750000	26000000	P5_DCIS	1|1	0.321431	3|2	0.396043	3|2	0.282526
chr6	25750000	26000000	P5_INV	1|1	0.563992	3|2	0.223807	3|2	0.212202
chr6	26000000	26250000	P5_DCIS	1|1	0.321431	2|2	0.396043	6|2	0.282526
chr6	26000000	26250000	P5_INV	1|1	0.563992	2|2	0.223807	6|2	0.212202
chr6	26250000	26750000	P5_DCIS	1|1	0.321431	3|2	0.396043	3|2	0.282526
chr6	26250000	26750000	P5_INV	1|1	0.563992	3|2	0.223807	3|2	0.212202
chr6	27000000	27250000	P5_DCIS	1|1	0.321431	4|4	0.396043	4|3	0.282526
chr6	27000000	27250000	P5_INV	1|1	0.563992	4|4	0.223807	4|3	0.212202
chr6	27250000	27500000	P5_DCIS	1|1	0.321431	3|2	0.396043	3|2	0.282526
chr6	27250000	27500000	P5_INV	1|1	0.563992	3|2	0.223807	3|2	0.212202
chr6	27750000	28000000	P5_DCIS	1|1	0.321431	4|4	0.396043	4|3	0.282526
chr6	27750000	28000000	P5_INV	1|1	0.563992	4|4	0.223807	4|3	0.212202
chr6	28000000	28500000	P5_DCIS	1|1	0.321431	3|2	0.396043	3|2	0.282526
chr6	28000000	28500000	P5_INV	1|1	0.563992	3|2	0.223807	3|2	0.212202
chr6	32250000	32500000	P5_DCIS	1|1	0.321431	3|1	0.396043	3|1	0.282526
chr6	32250000	32500000	P5_INV	1|1	0.563992	3|1	0.223807	3|1	0.212202
chr6	33250000	34000000	P5_DCIS	1|1	0.321431	5|2	0.396043	2|2	0.282526
chr6	33250000	34000000	P5_INV	1|1	0.563992	5|2	0.223807	2|2	0.212202
chr6	34000000	34250000	P5_DCIS	1|1	0.321431	3|2	0.396043	3|2	0.282526
chr6	34000000	34250000	P5_INV	1|1	0.563992	3|2	0.223807	3|2	0.212202
chr6	34750000	35250000	P5_DCIS	1|1	0.321431	3|2	0.396043	3|2	0.282526
chr6	34750000	35250000	P5_INV	1|1	0.563992	3|2	0.223807	3|2	0.212202
chr6	35500000	38000000	P5_DCIS	1|1	0.321431	3|2	0.396043	3|2	0.282526
chr6	35500000	38000000	P5_INV	1|1	0.563992	3|2	0.223807	3|2	0.212202
chr6	38500000	39000000	P5_DCIS	1|1	0.321431	3|2	0.396043	3|2	0.282526
chr6	38500000	39000000	P5_INV	1|1	0.563992	3|2	0.223807	3|2	0.212202
chr6	39000000	39250000	P5_DCIS	1|1	0.321431	5|2	0.396043	2|2	0.282526
chr6	39000000	39250000	P5_INV	1|1	0.563992	5|2	0.223807	2|2	0.212202
chr6	39250000	39750000	P5_DCIS	1|1	0.321431	2|2	0.396043	2|2	0.282526
chr6	39250000	39750000	P5_INV	1|1	0.563992	2|2	0.223807	2|2	0.212202
chr6	39750000	40000000	P5_DCIS	1|1	0.321431	3|2	0.396043	3|2	0.282526
chr6	39750000	40000000	P5_INV	1|1	0.563992	3|2	0.223807	3|2	0.212202
chr6	40250000	40500000	P5_DCIS	1|1	0.321431	3|2	0.396043	3|2	0.282526
chr6	40250000	40500000	P5_INV	1|1	0.563992	3|2	0.223807	3|2	0.212202
chr6	40750000	41500000	P5_DCIS	1|1	0.321431	3|2	0.396043	3|2	0.282526
chr6	40750000	41500000	P5_INV	1|1	0.563992	3|2	0.223807	3|2	0.212202
chr6	41500000	41750000	P5_DCIS	1|1	0.321431	5|2	0.396043	2|2	0.282526
chr6	41500000	41750000	P5_INV	1|1	0.563992	5|2	0.223807	2|2	0.212202
chr6	41750000	42250000	P5_DCIS	1|1	0.321431	3|2	0.396043	3|2	0.282526
chr6	41750000	42250000	P5_INV	1|1	0.563992	3|2	0.223807	3|2	0.212202
chr6	42750000	43000000	P5_DCIS	1|1	0.321431	3|2	0.396043	3|2	0.282526
chr6	42750000	43000000	P5_INV	1|1	0.563992	3|2	0.223807	3|2	0.212202
chr6	43000000	43250000	P5_DCIS	1|1	0.321431	4|4	0.396043	2|2	0.282526
chr6	43000000	43250000	P5_INV	1|1	0.563992	4|4	0.223807	2|2	0.212202
chr6	43250000	43750000	P5_DCIS	1|1	0.321431	3|2	0.396043	3|2	0.282526
chr6	43250000	43750000	P5_INV	1|1	0.563992	3|2	0.223807	3|2	0.212202
chr6	43750000	44250000	P5_DCIS	1|1	0.321431	5|2	0.396043	2|2	0.282526
chr6	43750000	44250000	P5_INV	1|1	0.563992	5|2	0.223807	2|2	0.212202
chr6	44250000	44500000	P5_DCIS	1|1	0.321431	3|2	0.396043	3|2	0.282526
chr6	44250000	44500000	P5_INV	1|1	0.563992	3|2	0.223807	3|2	0.212202
chr6	44750000	45000000	P5_DCIS	1|1	0.321431	2|2	0.396043	3|0	0.282526
chr6	44750000	45000000	P5_INV	1|1	0.563992	2|2	0.223807	3|0	0.212202
chr6	45000000	45500000	P5_DCIS	1|1	0.321431	3|2	0.396043	3|2	0.282526
chr6	45000000	45500000	P5_INV	1|1	0.563992	3|2	0.223807	3|2	0.212202
chr6	46250000	46500000	P5_DCIS	1|1	0.321431	2|2	0.396043	3|0	0.282526
chr6	46250000	46500000	P5_INV	1|1	0.563992	2|2	0.223807	3|0	0.212202
chr6	46500000	46750000	P5_DCIS	1|1	0.321431	2|2	0.396043	2|2	0.282526
chr6	46500000	46750000	P5_INV	1|1	0.563992	2|2	0.223807	2|2	0.212202
chr6	46750000	47000000	P5_DCIS	1|1	0.321431	3|2	0.396043	3|2	0.282526
chr6	46750000	47000000	P5_INV	1|1	0.563992	3|2	0.223807	3|2	0.212202
chr6	47500000	47750000	P5_DCIS	1|1	0.321431	3|2	0.396043	3|2	0.282526
chr6	47500000	47750000	P5_INV	1|1	0.563992	3|2	0.223807	3|2	0.212202
chr6	47750000	48000000	P5_DCIS	1|1	0.321431	2|2	0.396043	2|2	0.282526
chr6	47750000	48000000	P5_INV	1|1	0.563992	2|2	0.223807	2|2	0.212202
chr6	49000000	49250000	P5_DCIS	1|1	0.321431	2|2	0.396043	2|2	0.282526
chr6	49000000	49250000	P5_INV	1|1	0.563992	2|2	0.223807	2|2	0.212202
chr6	49250000	49750000	P5_DCIS	1|1	0.321431	3|2	0.396043	3|2	0.282526
chr6	49250000	49750000	P5_INV	1|1	0.563992	3|2	0.223807	3|2	0.212202
chr6	49750000	50000000	P5_DCIS	1|1	0.321431	2|2	0.396043	3|0	0.282526
chr6	49750000	50000000	P5_INV	1|1	0.563992	2|2	0.223807	3|0	0.212202
chr6	50500000	50750000	P5_DCIS	1|1	0.321431	3|2	0.396043	3|2	0.282526
chr6	50500000	50750000	P5_INV	1|1	0.563992	3|2	0.223807	3|2	0.212202
chr6	50750000	51000000	P5_DCIS	1|1	0.321431	5|2	0.396043	2|2	0.282526
chr6	50750000	51000000	P5_INV	1|1	0.563992	5|2	0.223807	2|2	0.212202
chr6	51250000	52000000	P5_DCIS	1|1	0.321431	3|2	0.396043	3|2	0.282526
chr6	51250000	52000000	P5_INV	1|1	0.563992	3|2	0.223807	3|2	0.212202
chr6	52000000	52500000	P5_DCIS	1|1	0.321431	2|2	0.396043	2|2	0.282526
chr6	52000000	52500000	P5_INV	1|1	0.563992	2|2	0.223807	2|2	0.212202
chr6	52500000	53750000	P5_DCIS	1|1	0.321431	3|2	0.396043	3|2	0.282526
chr6	52500000	53750000	P5_INV	1|1	0.563992	3|2	0.223807	3|2	0.212202
chr6	53750000	54000000	P5_DCIS	1|1	0.321431	2|2	0.396043	2|2	0.282526
chr6	53750000	54000000	P5_INV	1|1	0.563992	2|2	0.223807	2|2	0.212202
chr6	54000000	54250000	P5_DCIS	1|1	0.321431	3|2	0.396043	3|2	0.282526
chr6	54000000	54250000	P5_INV	1|1	0.563992	3|2	0.223807	3|2	0.212202
chr6	54500000	54750000	P5_DCIS	1|1	0.321431	2|2	0.396043	2|2	0.282526
chr6	54500000	54750000	P5_INV	1|1	0.563992	2|2	0.223807	2|2	0.212202
chr6	55000000	55500000	P5_DCIS	1|1	0.321431	3|2	0.396043	3|2	0.282526
chr6	55000000	55500000	P5_INV	1|1	0.563992	3|2	0.223807	3|2	0.212202
chr6	55500000	55750000	P5_DCIS	1|1	0.321431	2|2	0.396043	2|2	0.282526
chr6	55500000	55750000	P5_INV	1|1	0.563992	2|2	0.223807	2|2	0.212202
chr6	55750000	56750000	P5_DCIS	1|1	0.321431	3|2	0.396043	3|2	0.282526
chr6	55750000	56750000	P5_INV	1|1	0.563992	3|2	0.223807	3|2	0.212202
chr6	56750000	57000000	P5_DCIS	1|1	0.321431	4|4	0.396043	2|2	0.282526
chr6	56750000	57000000	P5_INV	1|1	0.563992	4|4	0.223807	2|2	0.212202
chr6	57000000	57250000	P5_DCIS	1|1	0.321431	2|2	0.396043	2|2	0.282526
chr6	57000000	57250000	P5_INV	1|1	0.563992	2|2	0.223807	2|2	0.212202
chr6	57250000	57750000	P5_DCIS	1|1	0.321431	3|2	0.396043	3|2	0.282526
chr6	57250000	57750000	P5_INV	1|1	0.563992	3|2	0.223807	3|2	0.212202
chr6	58000000	58250000	P5_DCIS	1|1	0.321431	2|2	0.396043	2|2	0.282526
chr6	58000000	58250000	P5_INV	1|1	0.563992	2|2	0.223807	2|2	0.212202
chr6	58750000	59000000	P5_DCIS	1|1	0.321431	2|2	0.396043	6|2	0.282526
chr6	58750000	59000000	P5_INV	1|1	0.563992	2|2	0.223807	6|2	0.212202
chr6	61750000	62000000	P5_DCIS	1|1	0.321431	2|2	0.396043	6|2	0.282526
chr6	61750000	62000000	P5_INV	1|1	0.563992	2|2	0.223807	6|2	0.212202
chr6	64000000	64500000	P5_DCIS	1|1	0.321431	3|2	0.396043	3|2	0.282526
chr6	64000000	64500000	P5_INV	1|1	0.563992	3|2	0.223807	3|2	0.212202
chr6	65000000	65250000	P5_DCIS	1|1	0.321431	3|2	0.396043	3|2	0.282526
chr6	65000000	65250000	P5_INV	1|1	0.563992	3|2	0.223807	3|2	0.212202
chr6	65250000	65500000	P5_DCIS	1|1	0.321431	2|2	0.396043	2|2	0.282526
chr6	65250000	65500000	P5_INV	1|1	0.563992	2|2	0.223807	2|2	0.212202
chr6	65750000	66250000	P5_DCIS	1|1	0.321431	2|2	0.396043	2|2	0.282526
chr6	65750000	66250000	P5_INV	1|1	0.563992	2|2	0.223807	2|2	0.212202
chr6	66750000	67000000	P5_DCIS	1|1	0.321431	3|2	0.396043	3|2	0.282526
chr6	66750000	67000000	P5_INV	1|1	0.563992	3|2	0.223807	3|2	0.212202
chr6	67500000	67750000	P5_DCIS	1|1	0.321431	2|1	0.396043	2|1	0.282526
chr6	67500000	67750000	P5_INV	1|1	0.563992	2|1	0.223807	2|1	0.212202
chr6	69500000	70000000	P5_DCIS	1|1	0.321431	3|2	0.396043	3|2	0.282526
chr6	69500000	70000000	P5_INV	1|1	0.563992	3|2	0.223807	3|2	0.212202
chr6	70000000	71500000	P5_DCIS	1|1	0.321431	2|2	0.396043	2|2	0.282526
chr6	70000000	71500000	P5_INV	1|1	0.563992	2|2	0.223807	2|2	0.212202
chr6	71500000	71750000	P5_DCIS	1|1	0.321431	3|2	0.396043	3|2	0.282526
chr6	71500000	71750000	P5_INV	1|1	0.563992	3|2	0.223807	3|2	0.212202
chr6	72000000	72500000	P5_DCIS	1|1	0.321431	2|2	0.396043	2|2	0.282526
chr6	72000000	72500000	P5_INV	1|1	0.563992	2|2	0.223807	2|2	0.212202
chr6	72750000	73250000	P5_DCIS	1|1	0.321431	2|2	0.396043	2|2	0.282526
chr6	72750000	73250000	P5_INV	1|1	0.563992	2|2	0.223807	2|2	0.212202
chr6	73500000	73750000	P5_DCIS	1|1	0.321431	2|2	0.396043	2|2	0.282526
chr6	73500000	73750000	P5_INV	1|1	0.563992	2|2	0.223807	2|2	0.212202
chr6	73750000	74250000	P5_DCIS	1|1	0.321431	3|2	0.396043	3|2	0.282526
chr6	73750000	74250000	P5_INV	1|1	0.563992	3|2	0.223807	3|2	0.212202
chr6	74250000	74750000	P5_DCIS	1|1	0.321431	2|2	0.396043	2|2	0.282526
chr6	74250000	74750000	P5_INV	1|1	0.563992	2|2	0.223807	2|2	0.212202
chr6	75750000	76000000	P5_DCIS	1|1	0.321431	2|2	0.396043	2|2	0.282526
chr6	75750000	76000000	P5_INV	1|1	0.563992	2|2	0.223807	2|2	0.212202
chr6	76000000	76250000	P5_DCIS	1|1	0.321431	3|2	0.396043	3|2	0.282526
chr6	76000000	76250000	P5_INV	1|1	0.563992	3|2	0.223807	3|2	0.212202
chr6	76250000	76500000	P5_DCIS	1|1	0.321431	4|4	0.396043	2|2	0.282526
chr6	76250000	76500000	P5_INV	1|1	0.563992	4|4	0.223807	2|2	0.212202
chr6	76500000	76750000	P5_DCIS	1|1	0.321431	2|2	0.396043	2|2	0.282526
chr6	76500000	76750000	P5_INV	1|1	0.563992	2|2	0.223807	2|2	0.212202
chr6	78000000	78250000	P5_DCIS	1|1	0.321431	2|2	0.396043	2|2	0.282526
chr6	78000000	78250000	P5_INV	1|1	0.563992	2|2	0.223807	2|2	0.212202
chr6	78750000	79000000	P5_DCIS	1|1	0.321431	4|4	0.396043	2|2	0.282526
chr6	78750000	79000000	P5_INV	1|1	0.563992	4|4	0.223807	2|2	0.212202
chr6	79500000	79750000	P5_DCIS	1|1	0.321431	2|2	0.396043	2|2	0.282526
chr6	79500000	79750000	P5_INV	1|1	0.563992	2|2	0.223807	2|2	0.212202
chr6	79750000	80000000	P5_DCIS	1|1	0.321431	3|2	0.396043	3|2	0.282526
chr6	79750000	80000000	P5_INV	1|1	0.563992	3|2	0.223807	3|2	0.212202
chr6	80000000	80250000	P5_DCIS	1|1	0.321431	2|2	0.396043	2|2	0.282526
chr6	80000000	80250000	P5_INV	1|1	0.563992	2|2	0.223807	2|2	0.212202
chr6	80500000	81000000	P5_DCIS	1|1	0.321431	2|2	0.396043	2|2	0.282526
chr6	80500000	81000000	P5_INV	1|1	0.563992	2|2	0.223807	2|2	0.212202
chr6	81000000	81250000	P5_DCIS	1|1	0.321431	3|2	0.396043	3|2	0.282526
chr6	81000000	81250000	P5_INV	1|1	0.563992	3|2	0.223807	3|2	0.212202
chr6	81250000	81500000	P5_DCIS	1|1	0.321431	2|2	0.396043	2|2	0.282526
chr6	81250000	81500000	P5_INV	1|1	0.563992	2|2	0.223807	2|2	0.212202
chr6	82000000	82250000	P5_DCIS	1|1	0.321431	2|1	0.396043	5|0	0.282526
chr6	82000000	82250000	P5_INV	1|1	0.563992	2|1	0.223807	5|0	0.212202
chr6	82750000	83000000	P5_DCIS	1|1	0.321431	2|2	0.396043	2|2	0.282526
chr6	82750000	83000000	P5_INV	1|1	0.563992	2|2	0.223807	2|2	0.212202
chr6	83500000	84000000	P5_DCIS	1|1	0.321431	2|2	0.396043	2|2	0.282526
chr6	83500000	84000000	P5_INV	1|1	0.563992	2|2	0.223807	2|2	0.212202
chr6	84000000	84250000	P5_DCIS	1|1	0.321431	3|2	0.396043	3|2	0.282526
chr6	84000000	84250000	P5_INV	1|1	0.563992	3|2	0.223807	3|2	0.212202
chr6	84250000	84500000	P5_DCIS	1|1	0.321431	2|2	0.396043	2|2	0.282526
chr6	84250000	84500000	P5_INV	1|1	0.563992	2|2	0.223807	2|2	0.212202
chr6	84750000	85000000	P5_DCIS	1|1	0.321431	2|2	0.396043	2|2	0.282526
chr6	84750000	85000000	P5_INV	1|1	0.563992	2|2	0.223807	2|2	0.212202
chr6	85250000	85500000	P5_DCIS	1|1	0.321431	2|2	0.396043	2|2	0.282526
chr6	85250000	85500000	P5_INV	1|1	0.563992	2|2	0.223807	2|2	0.212202
chr6	85750000	86250000	P5_DCIS	1|1	0.321431	2|2	0.396043	2|2	0.282526
chr6	85750000	86250000	P5_INV	1|1	0.563992	2|2	0.223807	2|2	0.212202
chr6	86250000	86500000	P5_DCIS	1|1	0.321431	3|2	0.396043	3|2	0.282526
chr6	86250000	86500000	P5_INV	1|1	0.563992	3|2	0.223807	3|2	0.212202
chr6	86500000	86750000	P5_DCIS	1|1	0.321431	2|2	0.396043	3|0	0.282526
chr6	86500000	86750000	P5_INV	1|1	0.563992	2|2	0.223807	3|0	0.212202
chr6	86750000	87000000	P5_DCIS	1|1	0.321431	3|2	0.396043	3|2	0.282526
chr6	86750000	87000000	P5_INV	1|1	0.563992	3|2	0.223807	3|2	0.212202
chr6	87250000	87500000	P5_DCIS	1|1	0.321431	2|1	0.396043	2|1	0.282526
chr6	87250000	87500000	P5_INV	1|1	0.563992	2|1	0.223807	2|1	0.212202
chr6	87500000	88000000	P5_DCIS	1|1	0.321431	2|2	0.396043	2|2	0.282526
chr6	87500000	88000000	P5_INV	1|1	0.563992	2|2	0.223807	2|2	0.212202
chr6	88750000	89000000	P5_DCIS	1|1	0.321431	2|2	0.396043	2|2	0.282526
chr6	88750000	89000000	P5_INV	1|1	0.563992	2|2	0.223807	2|2	0.212202
chr6	89000000	89500000	P5_DCIS	1|1	0.321431	3|2	0.396043	3|2	0.282526
chr6	89000000	89500000	P5_INV	1|1	0.563992	3|2	0.223807	3|2	0.212202
chr6	89750000	90000000	P5_DCIS	1|1	0.321431	2|2	0.396043	2|2	0.282526
chr6	89750000	90000000	P5_INV	1|1	0.563992	2|2	0.223807	2|2	0.212202
chr6	90000000	90250000	P5_DCIS	1|1	0.321431	3|2	0.396043	3|2	0.282526
chr6	90000000	90250000	P5_INV	1|1	0.563992	3|2	0.223807	3|2	0.212202
chr6	90250000	90750000	P5_DCIS	1|1	0.321431	2|2	0.396043	2|2	0.282526
chr6	90250000	90750000	P5_INV	1|1	0.563992	2|2	0.223807	2|2	0.212202
chr6	92500000	92750000	P5_DCIS	1|1	0.321431	3|2	0.396043	3|2	0.282526
chr6	92500000	92750000	P5_INV	1|1	0.563992	3|2	0.223807	3|2	0.212202
chr6	93500000	94000000	P5_DCIS	1|1	0.321431	2|2	0.396043	2|2	0.282526
chr6	93500000	94000000	P5_INV	1|1	0.563992	2|2	0.223807	2|2	0.212202
chr6	94000000	94250000	P5_DCIS	1|1	0.321431	3|2	0.396043	3|2	0.282526
chr6	94000000	94250000	P5_INV	1|1	0.563992	3|2	0.223807	3|2	0.212202
chr6	97000000	97500000	P5_DCIS	1|1	0.321431	2|2	0.396043	2|2	0.282526
chr6	97000000	97500000	P5_INV	1|1	0.563992	2|2	0.223807	2|2	0.212202
chr6	98250000	98500000	P5_DCIS	1|1	0.321431	3|2	0.396043	3|2	0.282526
chr6	98250000	98500000	P5_INV	1|1	0.563992	3|2	0.223807	3|2	0.212202
chr6	98750000	99000000	P5_DCIS	1|1	0.321431	2|1	0.396043	5|0	0.282526
chr6	98750000	99000000	P5_INV	1|1	0.563992	2|1	0.223807	5|0	0.212202
chr6	99250000	99500000	P5_DCIS	1|1	0.321431	2|2	0.396043	2|2	0.282526
chr6	99250000	99500000	P5_INV	1|1	0.563992	2|2	0.223807	2|2	0.212202
chr6	99750000	100500000	P5_DCIS	1|1	0.321431	2|2	0.396043	2|2	0.282526
chr6	99750000	100500000	P5_INV	1|1	0.563992	2|2	0.223807	2|2	0.212202
chr6	100500000	100750000	P5_DCIS	1|1	0.321431	3|2	0.396043	3|2	0.282526
chr6	100500000	100750000	P5_INV	1|1	0.563992	3|2	0.223807	3|2	0.212202
chr6	100750000	101500000	P5_DCIS	1|1	0.321431	2|2	0.396043	2|2	0.282526
chr6	100750000	101500000	P5_INV	1|1	0.563992	2|2	0.223807	2|2	0.212202
chr6	102250000	102500000	P5_DCIS	1|1	0.321431	2|2	0.396043	2|2	0.282526
chr6	102250000	102500000	P5_INV	1|1	0.563992	2|2	0.223807	2|2	0.212202
chr6	102750000	103000000	P5_DCIS	1|1	0.321431	3|1	0.396043	3|1	0.282526
chr6	102750000	103000000	P5_INV	1|1	0.563992	3|1	0.223807	3|1	0.212202
chr6	104250000	104500000	P5_DCIS	1|1	0.321431	2|2	0.396043	3|0	0.282526
chr6	104250000	104500000	P5_INV	1|1	0.563992	2|2	0.223807	3|0	0.212202
chr6	105000000	105250000	P5_DCIS	1|1	0.321431	2|2	0.396043	2|2	0.282526
chr6	105000000	105250000	P5_INV	1|1	0.563992	2|2	0.223807	2|2	0.212202
chr6	105250000	105500000	P5_DCIS	1|1	0.321431	3|2	0.396043	3|2	0.282526
chr6	105250000	105500000	P5_INV	1|1	0.563992	3|2	0.223807	3|2	0.212202
chr6	105750000	106250000	P5_DCIS	1|1	0.321431	2|2	0.396043	2|2	0.282526
chr6	105750000	106250000	P5_INV	1|1	0.563992	2|2	0.223807	2|2	0.212202
chr6	106750000	107000000	P5_DCIS	1|1	0.321431	3|2	0.396043	3|2	0.282526
chr6	106750000	107000000	P5_INV	1|1	0.563992	3|2	0.223807	3|2	0.212202
chr6	107000000	107250000	P5_DCIS	1|1	0.321431	2|2	0.396043	2|2	0.282526
chr6	107000000	107250000	P5_INV	1|1	0.563992	2|2	0.223807	2|2	0.212202
chr6	107500000	107750000	P5_DCIS	1|1	0.321431	3|2	0.396043	3|2	0.282526
chr6	107500000	107750000	P5_INV	1|1	0.563992	3|2	0.223807	3|2	0.212202
chr6	107750000	108000000	P5_DCIS	1|1	0.321431	2|1	0.396043	2|1	0.282526
chr6	107750000	108000000	P5_INV	1|1	0.563992	2|1	0.223807	2|1	0.212202
chr6	108000000	108500000	P5_DCIS	1|1	0.321431	3|2	0.396043	3|2	0.282526
chr6	108000000	108500000	P5_INV	1|1	0.563992	3|2	0.223807	3|2	0.212202
chr6	108500000	109000000	P5_DCIS	1|1	0.321431	2|2	0.396043	2|2	0.282526
chr6	108500000	109000000	P5_INV	1|1	0.563992	2|2	0.223807	2|2	0.212202
chr6	109500000	110250000	P5_DCIS	1|1	0.321431	2|2	0.396043	2|2	0.282526
chr6	109500000	110250000	P5_INV	1|1	0.563992	2|2	0.223807	2|2	0.212202
chr6	110500000	110750000	P5_DCIS	1|1	0.321431	3|2	0.396043	3|2	0.282526
chr6	110500000	110750000	P5_INV	1|1	0.563992	3|2	0.223807	3|2	0.212202
chr6	110750000	111000000	P5_DCIS	1|1	0.321431	2|2	0.396043	2|2	0.282526
chr6	110750000	111000000	P5_INV	1|1	0.563992	2|2	0.223807	2|2	0.212202
chr6	111000000	111250000	P5_DCIS	1|1	0.321431	3|2	0.396043	3|2	0.282526
chr6	111000000	111250000	P5_INV	1|1	0.563992	3|2	0.223807	3|2	0.212202
chr6	111500000	111750000	P5_DCIS	1|1	0.321431	2|2	0.396043	2|2	0.282526
chr6	111500000	111750000	P5_INV	1|1	0.563992	2|2	0.223807	2|2	0.212202
chr6	111750000	112000000	P5_DCIS	1|1	0.321431	3|2	0.396043	3|2	0.282526
chr6	111750000	112000000	P5_INV	1|1	0.563992	3|2	0.223807	3|2	0.212202
chr6	112500000	112750000	P5_DCIS	1|1	0.321431	3|2	0.396043	3|2	0.282526
chr6	112500000	112750000	P5_INV	1|1	0.563992	3|2	0.223807	3|2	0.212202
chr6	112750000	113000000	P5_DCIS	1|1	0.321431	2|2	0.396043	2|2	0.282526
chr6	112750000	113000000	P5_INV	1|1	0.563992	2|2	0.223807	2|2	0.212202
chr6	113500000	113750000	P5_DCIS	1|1	0.321431	3|2	0.396043	3|2	0.282526
chr6	113500000	113750000	P5_INV	1|1	0.563992	3|2	0.223807	3|2	0.212202
chr6	114250000	114750000	P5_DCIS	1|1	0.321431	3|2	0.396043	3|2	0.282526
chr6	114250000	114750000	P5_INV	1|1	0.563992	3|2	0.223807	3|2	0.212202
chr6	116250000	117250000	P5_DCIS	1|1	0.321431	3|2	0.396043	3|2	0.282526
chr6	116250000	117250000	P5_INV	1|1	0.563992	3|2	0.223807	3|2	0.212202
chr6	117250000	117750000	P5_DCIS	1|1	0.321431	2|2	0.396043	3|0	0.282526
chr6	117250000	117750000	P5_INV	1|1	0.563992	2|2	0.223807	3|0	0.212202
chr6	118250000	118500000	P5_DCIS	1|1	0.321431	3|2	0.396043	3|2	0.282526
chr6	118250000	118500000	P5_INV	1|1	0.563992	3|2	0.223807	3|2	0.212202
chr6	118500000	118750000	P5_DCIS	1|1	0.321431	2|2	0.396043	3|0	0.282526
chr6	118500000	118750000	P5_INV	1|1	0.563992	2|2	0.223807	3|0	0.212202
chr6	118750000	119000000	P5_DCIS	1|1	0.321431	2|2	0.396043	2|2	0.282526
chr6	118750000	119000000	P5_INV	1|1	0.563992	2|2	0.223807	2|2	0.212202
chr6	119250000	119750000	P5_DCIS	1|1	0.321431	3|2	0.396043	3|2	0.282526
chr6	119250000	119750000	P5_INV	1|1	0.563992	3|2	0.223807	3|2	0.212202
chr6	120750000	121000000	P5_DCIS	1|1	0.321431	2|1	0.396043	5|0	0.282526
chr6	120750000	121000000	P5_INV	1|1	0.563992	2|1	0.223807	5|0	0.212202
chr6	121000000	121250000	P5_DCIS	1|1	0.321431	3|1	0.396043	3|1	0.282526
chr6	121000000	121250000	P5_INV	1|1	0.563992	3|1	0.223807	3|1	0.212202
chr6	121500000	121750000	P5_DCIS	1|1	0.321431	3|2	0.396043	3|2	0.282526
chr6	121500000	121750000	P5_INV	1|1	0.563992	3|2	0.223807	3|2	0.212202
chr6	122000000	122250000	P5_DCIS	1|1	0.321431	3|1	0.396043	3|1	0.282526
chr6	122000000	122250000	P5_INV	1|1	0.563992	3|1	0.223807	3|1	0.212202
chr6	122500000	123250000	P5_DCIS	1|1	0.321431	3|2	0.396043	3|2	0.282526
chr6	122500000	123250000	P5_INV	1|1	0.563992	3|2	0.223807	3|2	0.212202
chr6	123250000	123500000	P5_DCIS	1|1	0.321431	2|2	0.396043	3|0	0.282526
chr6	123250000	123500000	P5_INV	1|1	0.563992	2|2	0.223807	3|0	0.212202
chr6	123750000	124000000	P5_DCIS	1|1	0.321431	2|2	0.396043	3|0	0.282526
chr6	123750000	124000000	P5_INV	1|1	0.563992	2|2	0.223807	3|0	0.212202
chr6	124500000	124750000	P5_DCIS	1|1	0.321431	3|2	0.396043	3|2	0.282526
chr6	124500000	124750000	P5_INV	1|1	0.563992	3|2	0.223807	3|2	0.212202
chr6	125000000	125250000	P5_DCIS	1|1	0.321431	2|2	0.396043	3|0	0.282526
chr6	125000000	125250000	P5_INV	1|1	0.563992	2|2	0.223807	3|0	0.212202
chr6	125250000	125500000	P5_DCIS	1|1	0.321431	3|2	0.396043	3|2	0.282526
chr6	125250000	125500000	P5_INV	1|1	0.563992	3|2	0.223807	3|2	0.212202
chr6	125500000	125750000	P5_DCIS	1|1	0.321431	2|2	0.396043	2|2	0.282526
chr6	125500000	125750000	P5_INV	1|1	0.563992	2|2	0.223807	2|2	0.212202
chr6	126000000	126250000	P5_DCIS	1|1	0.321431	3|2	0.396043	3|2	0.282526
chr6	126000000	126250000	P5_INV	1|1	0.563992	3|2	0.223807	3|2	0.212202
chr6	126500000	126750000	P5_DCIS	1|1	0.321431	2|2	0.396043	2|2	0.282526
chr6	126500000	126750000	P5_INV	1|1	0.563992	2|2	0.223807	2|2	0.212202
chr6	126750000	127000000	P5_DCIS	1|1	0.321431	3|2	0.396043	3|2	0.282526
chr6	126750000	127000000	P5_INV	1|1	0.563992	3|2	0.223807	3|2	0.212202
chr6	127250000	127500000	P5_DCIS	1|1	0.321431	2|2	0.396043	2|2	0.282526
chr6	127250000	127500000	P5_INV	1|1	0.563992	2|2	0.223807	2|2	0.212202
chr6	127500000	128250000	P5_DCIS	1|1	0.321431	3|2	0.396043	3|2	0.282526
chr6	127500000	128250000	P5_INV	1|1	0.563992	3|2	0.223807	3|2	0.212202
chr6	128250000	128500000	P5_DCIS	1|1	0.321431	3|1	0.396043	3|1	0.282526
chr6	128250000	128500000	P5_INV	1|1	0.563992	3|1	0.223807	3|1	0.212202
chr6	128750000	129000000	P5_DCIS	1|1	0.321431	5|1	0.396043	3|1	0.282526
chr6	128750000	129000000	P5_INV	1|1	0.563992	5|1	0.223807	3|1	0.212202
chr6	129500000	130000000	P5_DCIS	1|1	0.321431	3|2	0.396043	3|2	0.282526
chr6	129500000	130000000	P5_INV	1|1	0.563992	3|2	0.223807	3|2	0.212202
chr6	130000000	130250000	P5_DCIS	1|1	0.321431	3|1	0.396043	3|1	0.282526
chr6	130000000	130250000	P5_INV	1|1	0.563992	3|1	0.223807	3|1	0.212202
chr6	130250000	131250000	P5_DCIS	1|1	0.321431	3|2	0.396043	3|2	0.282526
chr6	130250000	131250000	P5_INV	1|1	0.563992	3|2	0.223807	3|2	0.212202
chr6	131500000	131750000	P5_DCIS	1|1	0.321431	3|2	0.396043	3|2	0.282526
chr6	131500000	131750000	P5_INV	1|1	0.563992	3|2	0.223807	3|2	0.212202
chr6	131750000	132000000	P5_DCIS	1|1	0.321431	2|2	0.396043	5|2	0.282526
chr6	131750000	132000000	P5_INV	1|1	0.563992	2|2	0.223807	5|2	0.212202
chr6	132000000	132250000	P5_DCIS	1|1	0.321431	3|2	0.396043	3|2	0.282526
chr6	132000000	132250000	P5_INV	1|1	0.563992	3|2	0.223807	3|2	0.212202
chr6	132500000	133000000	P5_DCIS	1|1	0.321431	3|2	0.396043	3|2	0.282526
chr6	132500000	133000000	P5_INV	1|1	0.563992	3|2	0.223807	3|2	0.212202
chr6	133000000	133250000	P5_DCIS	1|1	0.321431	7|4	0.396043	3|2	0.282526
chr6	133000000	133250000	P5_INV	1|1	0.563992	7|4	0.223807	3|2	0.212202
chr6	133250000	133500000	P5_DCIS	1|1	0.321431	3|2	0.396043	3|2	0.282526
chr6	133250000	133500000	P5_INV	1|1	0.563992	3|2	0.223807	3|2	0.212202
chr6	133500000	133750000	P5_DCIS	1|1	0.321431	4|4	0.396043	2|2	0.282526
chr6	133500000	133750000	P5_INV	1|1	0.563992	4|4	0.223807	2|2	0.212202
chr6	134000000	134250000	P5_DCIS	1|1	0.321431	2|1	0.396043	5|0	0.282526
chr6	134000000	134250000	P5_INV	1|1	0.563992	2|1	0.223807	5|0	0.212202
chr6	134250000	134500000	P5_DCIS	1|1	0.321431	3|2	0.396043	3|2	0.282526
chr6	134250000	134500000	P5_INV	1|1	0.563992	3|2	0.223807	3|2	0.212202
chr6	135000000	135500000	P5_DCIS	1|1	0.321431	3|2	0.396043	3|2	0.282526
chr6	135000000	135500000	P5_INV	1|1	0.563992	3|2	0.223807	3|2	0.212202
chr6	135500000	135750000	P5_DCIS	1|1	0.321431	4|4	0.396043	2|2	0.282526
chr6	135500000	135750000	P5_INV	1|1	0.563992	4|4	0.223807	2|2	0.212202
chr6	135750000	136000000	P5_DCIS	1|1	0.321431	3|2	0.396043	3|2	0.282526
chr6	135750000	136000000	P5_INV	1|1	0.563992	3|2	0.223807	3|2	0.212202
chr6	136500000	136750000	P5_DCIS	1|1	0.321431	2|2	0.396043	5|2	0.282526
chr6	136500000	136750000	P5_INV	1|1	0.563992	2|2	0.223807	5|2	0.212202
chr6	136750000	137000000	P5_DCIS	1|1	0.321431	3|2	0.396043	3|2	0.282526
chr6	136750000	137000000	P5_INV	1|1	0.563992	3|2	0.223807	3|2	0.212202
chr6	137250000	137500000	P5_DCIS	1|1	0.321431	3|2	0.396043	3|2	0.282526
chr6	137250000	137500000	P5_INV	1|1	0.563992	3|2	0.223807	3|2	0.212202
chr6	137500000	137750000	P5_DCIS	1|1	0.321431	4|4	0.396043	2|2	0.282526
chr6	137500000	137750000	P5_INV	1|1	0.563992	4|4	0.223807	2|2	0.212202
chr6	137750000	138000000	P5_DCIS	1|1	0.321431	3|2	0.396043	3|2	0.282526
chr6	137750000	138000000	P5_INV	1|1	0.563992	3|2	0.223807	3|2	0.212202
chr6	138000000	138500000	P5_DCIS	1|1	0.321431	4|4	0.396043	2|2	0.282526
chr6	138000000	138500000	P5_INV	1|1	0.563992	4|4	0.223807	2|2	0.212202
chr6	138500000	139000000	P5_DCIS	1|1	0.321431	3|2	0.396043	3|2	0.282526
chr6	138500000	139000000	P5_INV	1|1	0.563992	3|2	0.223807	3|2	0.212202
chr6	139000000	139250000	P5_DCIS	1|1	0.321431	2|2	0.396043	5|2	0.282526
chr6	139000000	139250000	P5_INV	1|1	0.563992	2|2	0.223807	5|2	0.212202
chr6	139250000	139750000	P5_DCIS	1|1	0.321431	3|2	0.396043	3|2	0.282526
chr6	139250000	139750000	P5_INV	1|1	0.563992	3|2	0.223807	3|2	0.212202
chr6	142250000	142500000	P5_DCIS	1|1	0.321431	4|4	0.396043	2|2	0.282526
chr6	142250000	142500000	P5_INV	1|1	0.563992	4|4	0.223807	2|2	0.212202
chr6	142500000	142750000	P5_DCIS	1|1	0.321431	3|2	0.396043	3|2	0.282526
chr6	142500000	142750000	P5_INV	1|1	0.563992	3|2	0.223807	3|2	0.212202
chr6	143000000	143250000	P5_DCIS	1|1	0.321431	4|4	0.396043	2|2	0.282526
chr6	143000000	143250000	P5_INV	1|1	0.563992	4|4	0.223807	2|2	0.212202
chr6	143250000	144000000	P5_DCIS	1|1	0.321431	3|2	0.396043	3|2	0.282526
chr6	143250000	144000000	P5_INV	1|1	0.563992	3|2	0.223807	3|2	0.212202
chr6	144000000	144250000	P5_DCIS	1|1	0.321431	2|2	0.396043	5|2	0.282526
chr6	144000000	144250000	P5_INV	1|1	0.563992	2|2	0.223807	5|2	0.212202
chr6	144250000	144500000	P5_DCIS	1|1	0.321431	3|1	0.396043	3|1	0.282526
chr6	144250000	144500000	P5_INV	1|1	0.563992	3|1	0.223807	3|1	0.212202
chr6	144750000	145000000	P5_DCIS	1|1	0.321431	4|4	0.396043	2|2	0.282526
chr6	144750000	145000000	P5_INV	1|1	0.563992	4|4	0.223807	2|2	0.212202
chr6	145000000	145250000	P5_DCIS	1|1	0.321431	3|2	0.396043	3|2	0.282526
chr6	145000000	145250000	P5_INV	1|1	0.563992	3|2	0.223807	3|2	0.212202
chr6	145750000	146000000	P5_DCIS	1|1	0.321431	2|2	0.396043	5|2	0.282526
chr6	145750000	146000000	P5_INV	1|1	0.563992	2|2	0.223807	5|2	0.212202
chr6	146000000	146500000	P5_DCIS	1|1	0.321431	3|2	0.396043	3|2	0.282526
chr6	146000000	146500000	P5_INV	1|1	0.563992	3|2	0.223807	3|2	0.212202
chr6	146750000	147000000	P5_DCIS	1|1	0.321431	3|2	0.396043	3|2	0.282526
chr6	146750000	147000000	P5_INV	1|1	0.563992	3|2	0.223807	3|2	0.212202
chr6	147000000	147250000	P5_DCIS	1|1	0.321431	4|4	0.396043	2|2	0.282526
chr6	147000000	147250000	P5_INV	1|1	0.563992	4|4	0.223807	2|2	0.212202
chr6	147500000	147750000	P5_DCIS	1|1	0.321431	4|4	0.396043	2|2	0.282526
chr6	147500000	147750000	P5_INV	1|1	0.563992	4|4	0.223807	2|2	0.212202
chr6	147750000	148000000	P5_DCIS	1|1	0.321431	2|2	0.396043	6|1	0.282526
chr6	147750000	148000000	P5_INV	1|1	0.563992	2|2	0.223807	6|1	0.212202
chr6	148500000	148750000	P5_DCIS	1|1	0.321431	2|2	0.396043	5|2	0.282526
chr6	148500000	148750000	P5_INV	1|1	0.563992	2|2	0.223807	5|2	0.212202
chr6	148750000	149000000	P5_DCIS	1|1	0.321431	3|2	0.396043	3|2	0.282526
chr6	148750000	149000000	P5_INV	1|1	0.563992	3|2	0.223807	3|2	0.212202
chr6	149000000	149250000	P5_DCIS	1|1	0.321431	3|1	0.396043	3|1	0.282526
chr6	149000000	149250000	P5_INV	1|1	0.563992	3|1	0.223807	3|1	0.212202
chr6	149250000	149750000	P5_DCIS	1|1	0.321431	3|2	0.396043	3|2	0.282526
chr6	149250000	149750000	P5_INV	1|1	0.563992	3|2	0.223807	3|2	0.212202
chr6	149750000	150000000	P5_DCIS	1|1	0.321431	2|2	0.396043	5|2	0.282526
chr6	149750000	150000000	P5_INV	1|1	0.563992	2|2	0.223807	5|2	0.212202
chr6	150000000	150500000	P5_DCIS	1|1	0.321431	4|4	0.396043	2|2	0.282526
chr6	150000000	150500000	P5_INV	1|1	0.563992	4|4	0.223807	2|2	0.212202
chr6	150500000	150750000	P5_DCIS	1|1	0.321431	3|2	0.396043	3|2	0.282526
chr6	150500000	150750000	P5_INV	1|1	0.563992	3|2	0.223807	3|2	0.212202
chr6	151000000	151250000	P5_DCIS	1|1	0.321431	4|4	0.396043	2|2	0.282526
chr6	151000000	151250000	P5_INV	1|1	0.563992	4|4	0.223807	2|2	0.212202
chr6	151250000	151500000	P5_DCIS	1|1	0.321431	2|2	0.396043	5|2	0.282526
chr6	151250000	151500000	P5_INV	1|1	0.563992	2|2	0.223807	5|2	0.212202
chr6	151500000	152250000	P5_DCIS	1|1	0.321431	2|2	0.396043	6|2	0.282526
chr6	151500000	152250000	P5_INV	1|1	0.563992	2|2	0.223807	6|2	0.212202
chr6	152250000	152750000	P5_DCIS	1|1	0.321431	3|2	0.396043	3|2	0.282526
chr6	152250000	152750000	P5_INV	1|1	0.563992	3|2	0.223807	3|2	0.212202
chr6	152750000	153000000	P5_DCIS	1|1	0.321431	2|2	0.396043	2|2	0.282526
chr6	152750000	153000000	P5_INV	1|1	0.563992	2|2	0.223807	2|2	0.212202
chr6	153250000	153500000	P5_DCIS	1|1	0.321431	4|4	0.396043	2|2	0.282526
chr6	153250000	153500000	P5_INV	1|1	0.563992	4|4	0.223807	2|2	0.212202
chr6	153500000	153750000	P5_DCIS	1|1	0.321431	3|2	0.396043	3|2	0.282526
chr6	153500000	153750000	P5_INV	1|1	0.563992	3|2	0.223807	3|2	0.212202
chr6	154250000	156000000	P5_DCIS	1|1	0.321431	3|2	0.396043	3|2	0.282526
chr6	154250000	156000000	P5_INV	1|1	0.563992	3|2	0.223807	3|2	0.212202
chr6	156250000	156500000	P5_DCIS	1|1	0.321431	3|1	0.396043	3|1	0.282526
chr6	156250000	156500000	P5_INV	1|1	0.563992	3|1	0.223807	3|1	0.212202
chr6	157250000	157500000	P5_DCIS	1|1	0.321431	3|2	0.396043	3|2	0.282526
chr6	157250000	157500000	P5_INV	1|1	0.563992	3|2	0.223807	3|2	0.212202
chr6	157750000	158000000	P5_DCIS	1|1	0.321431	3|2	0.396043	3|2	0.282526
chr6	157750000	158000000	P5_INV	1|1	0.563992	3|2	0.223807	3|2	0.212202
chr6	158000000	158250000	P5_DCIS	1|1	0.321431	4|4	0.396043	2|2	0.282526
chr6	158000000	158250000	P5_INV	1|1	0.563992	4|4	0.223807	2|2	0.212202
chr6	158250000	158500000	P5_DCIS	1|1	0.321431	3|2	0.396043	3|2	0.282526
chr6	158250000	158500000	P5_INV	1|1	0.563992	3|2	0.223807	3|2	0.212202
chr6	158500000	158750000	P5_DCIS	1|1	0.321431	2|2	0.396043	5|2	0.282526
chr6	158500000	158750000	P5_INV	1|1	0.563992	2|2	0.223807	5|2	0.212202
chr6	158750000	160500000	P5_DCIS	1|1	0.321431	3|2	0.396043	3|2	0.282526
chr6	158750000	160500000	P5_INV	1|1	0.563992	3|2	0.223807	3|2	0.212202
chr6	160500000	161000000	P5_DCIS	1|1	0.321431	2|2	0.396043	2|2	0.282526
chr6	160500000	161000000	P5_INV	1|1	0.563992	2|2	0.223807	2|2	0.212202
chr6	161000000	161250000	P5_DCIS	1|1	0.321431	3|2	0.396043	3|2	0.282526
chr6	161000000	161250000	P5_INV	1|1	0.563992	3|2	0.223807	3|2	0.212202
chr6	161250000	161500000	P5_DCIS	1|1	0.321431	3|1	0.396043	3|1	0.282526
chr6	161250000	161500000	P5_INV	1|1	0.563992	3|1	0.223807	3|1	0.212202
chr6	161500000	162000000	P5_DCIS	1|1	0.321431	3|2	0.396043	3|2	0.282526
chr6	161500000	162000000	P5_INV	1|1	0.563992	3|2	0.223807	3|2	0.212202
chr6	162750000	163250000	P5_DCIS	1|1	0.321431	3|2	0.396043	3|2	0.282526
chr6	162750000	163250000	P5_INV	1|1	0.563992	3|2	0.223807	3|2	0.212202
chr6	163750000	164000000	P5_DCIS	1|1	0.321431	3|2	0.396043	3|2	0.282526
chr6	163750000	164000000	P5_INV	1|1	0.563992	3|2	0.223807	3|2	0.212202
chr6	165500000	165750000	P5_DCIS	1|1	0.321431	2|2	0.396043	3|0	0.282526
chr6	165500000	165750000	P5_INV	1|1	0.563992	2|2	0.223807	3|0	0.212202
chr6	165750000	166000000	P5_DCIS	1|1	0.321431	3|2	0.396043	3|2	0.282526
chr6	165750000	166000000	P5_INV	1|1	0.563992	3|2	0.223807	3|2	0.212202
chr6	166250000	166500000	P5_DCIS	1|1	0.321431	2|1	0.396043	2|1	0.282526
chr6	166250000	166500000	P5_INV	1|1	0.563992	2|1	0.223807	2|1	0.212202
chr6	166500000	166750000	P5_DCIS	1|1	0.321431	3|2	0.396043	3|2	0.282526
chr6	166500000	166750000	P5_INV	1|1	0.563992	3|2	0.223807	3|2	0.212202
chr6	166750000	167000000	P5_DCIS	1|1	0.321431	4|4	0.396043	2|2	0.282526
chr6	166750000	167000000	P5_INV	1|1	0.563992	4|4	0.223807	2|2	0.212202
chr6	167250000	168000000	P5_DCIS	1|1	0.321431	3|2	0.396043	3|2	0.282526
chr6	167250000	168000000	P5_INV	1|1	0.563992	3|2	0.223807	3|2	0.212202
chr6	168250000	169250000	P5_DCIS	1|1	0.321431	3|2	0.396043	3|2	0.282526
chr6	168250000	169250000	P5_INV	1|1	0.563992	3|2	0.223807	3|2	0.212202
chr6	169500000	170250000	P5_DCIS	1|1	0.321431	3|2	0.396043	3|2	0.282526
chr6	169500000	170250000	P5_INV	1|1	0.563992	3|2	0.223807	3|2	0.212202
chr6	170750000	171000000	P5_DCIS	1|1	0.321431	3|2	0.396043	3|2	0.282526
chr6	170750000	171000000	P5_INV	1|1	0.563992	3|2	0.223807	3|2	0.212202
chr7	1	1750000	P5_DCIS	1|1	0.321431	3|2	0.396043	3|2	0.282526
chr7	1	1750000	P5_INV	1|1	0.563992	3|2	0.223807	3|2	0.212202
chr7	1750000	2250000	P5_DCIS	1|1	0.321431	2|2	0.396043	2|2	0.282526
chr7	1750000	2250000	P5_INV	1|1	0.563992	2|2	0.223807	2|2	0.212202
chr7	2250000	2500000	P5_DCIS	1|1	0.321431	3|2	0.396043	3|2	0.282526
chr7	2250000	2500000	P5_INV	1|1	0.563992	3|2	0.223807	3|2	0.212202
chr7	2500000	2750000	P5_DCIS	1|1	0.321431	5|2	0.396043	2|2	0.282526
chr7	2500000	2750000	P5_INV	1|1	0.563992	5|2	0.223807	2|2	0.212202
chr7	2750000	3000000	P5_DCIS	1|1	0.321431	7|4	0.396043	3|2	0.282526
chr7	2750000	3000000	P5_INV	1|1	0.563992	7|4	0.223807	3|2	0.212202
chr7	4000000	4500000	P5_DCIS	1|1	0.321431	7|4	0.396043	3|2	0.282526
chr7	4000000	4500000	P5_INV	1|1	0.563992	7|4	0.223807	3|2	0.212202
chr7	4750000	5000000	P5_DCIS	1|1	0.321431	7|4	0.396043	3|2	0.282526
chr7	4750000	5000000	P5_INV	1|1	0.563992	7|4	0.223807	3|2	0.212202
chr7	5250000	5500000	P5_DCIS	1|1	0.321431	4|4	0.396043	2|2	0.282526
chr7	5250000	5500000	P5_INV	1|1	0.563992	4|4	0.223807	2|2	0.212202
chr7	5500000	5750000	P5_DCIS	1|1	0.321431	4|4	0.396043	4|3	0.282526
chr7	5500000	5750000	P5_INV	1|1	0.563992	4|4	0.223807	4|3	0.212202
chr7	5750000	6000000	P5_DCIS	1|1	0.321431	7|4	0.396043	3|2	0.282526
chr7	5750000	6000000	P5_INV	1|1	0.563992	7|4	0.223807	3|2	0.212202
chr7	6000000	6250000	P5_DCIS	1|1	0.321431	4|4	0.396043	2|2	0.282526
chr7	6000000	6250000	P5_INV	1|1	0.563992	4|4	0.223807	2|2	0.212202
chr7	6250000	6500000	P5_DCIS	1|1	0.321431	7|4	0.396043	3|2	0.282526
chr7	6250000	6500000	P5_INV	1|1	0.563992	7|4	0.223807	3|2	0.212202
chr7	6500000	7250000	P5_DCIS	1|1	0.321431	4|4	0.396043	2|2	0.282526
chr7	6500000	7250000	P5_INV	1|1	0.563992	4|4	0.223807	2|2	0.212202
chr7	7250000	8250000	P5_DCIS	1|1	0.321431	3|2	0.396043	3|2	0.282526
chr7	7250000	8250000	P5_INV	1|1	0.563992	3|2	0.223807	3|2	0.212202
chr7	9250000	9500000	P5_DCIS	1|1	0.321431	3|2	0.396043	3|2	0.282526
chr7	9250000	9500000	P5_INV	1|1	0.563992	3|2	0.223807	3|2	0.212202
chr7	10500000	11250000	P5_DCIS	1|1	0.321431	3|2	0.396043	3|2	0.282526
chr7	10500000	11250000	P5_INV	1|1	0.563992	3|2	0.223807	3|2	0.212202
chr7	11250000	11750000	P5_DCIS	1|1	0.321431	2|2	0.396043	2|2	0.282526
chr7	11250000	11750000	P5_INV	1|1	0.563992	2|2	0.223807	2|2	0.212202
chr7	11750000	12000000	P5_DCIS	1|1	0.321431	3|2	0.396043	3|2	0.282526
chr7	11750000	12000000	P5_INV	1|1	0.563992	3|2	0.223807	3|2	0.212202
chr7	12250000	12500000	P5_DCIS	1|1	0.321431	2|2	0.396043	2|2	0.282526
chr7	12250000	12500000	P5_INV	1|1	0.563992	2|2	0.223807	2|2	0.212202
chr7	12500000	12750000	P5_DCIS	1|1	0.321431	3|2	0.396043	3|2	0.282526
chr7	12500000	12750000	P5_INV	1|1	0.563992	3|2	0.223807	3|2	0.212202
chr7	13750000	14000000	P5_DCIS	1|1	0.321431	3|1	0.396043	3|1	0.282526
chr7	13750000	14000000	P5_INV	1|1	0.563992	3|1	0.223807	3|1	0.212202
chr7	14000000	14250000	P5_DCIS	1|1	0.321431	2|2	0.396043	2|2	0.282526
chr7	14000000	14250000	P5_INV	1|1	0.563992	2|2	0.223807	2|2	0.212202
chr7	14500000	15000000	P5_DCIS	1|1	0.321431	2|2	0.396043	2|2	0.282526
chr7	14500000	15000000	P5_INV	1|1	0.563992	2|2	0.223807	2|2	0.212202
chr7	15250000	15750000	P5_DCIS	1|1	0.321431	2|2	0.396043	2|2	0.282526
chr7	15250000	15750000	P5_INV	1|1	0.563992	2|2	0.223807	2|2	0.212202
chr7	16500000	17000000	P5_DCIS	1|1	0.321431	3|2	0.396043	3|2	0.282526
chr7	16500000	17000000	P5_INV	1|1	0.563992	3|2	0.223807	3|2	0.212202
chr7	17250000	17500000	P5_DCIS	1|1	0.321431	4|4	0.396043	2|2	0.282526
chr7	17250000	17500000	P5_INV	1|1	0.563992	4|4	0.223807	2|2	0.212202
chr7	17750000	18000000	P5_DCIS	1|1	0.321431	3|2	0.396043	3|2	0.282526
chr7	17750000	18000000	P5_INV	1|1	0.563992	3|2	0.223807	3|2	0.212202
chr7	18000000	18250000	P5_DCIS	1|1	0.321431	2|2	0.396043	2|2	0.282526
chr7	18000000	18250000	P5_INV	1|1	0.563992	2|2	0.223807	2|2	0.212202
chr7	18500000	18750000	P5_DCIS	1|1	0.321431	3|2	0.396043	3|2	0.282526
chr7	18500000	18750000	P5_INV	1|1	0.563992	3|2	0.223807	3|2	0.212202
chr7	18750000	19000000	P5_DCIS	1|1	0.321431	2|2	0.396043	2|2	0.282526
chr7	18750000	19000000	P5_INV	1|1	0.563992	2|2	0.223807	2|2	0.212202
chr7	19250000	19500000	P5_DCIS	1|1	0.321431	2|1	0.396043	5|0	0.282526
chr7	19250000	19500000	P5_INV	1|1	0.563992	2|1	0.223807	5|0	0.212202
chr7	19500000	19750000	P5_DCIS	1|1	0.321431	2|2	0.396043	2|2	0.282526
chr7	19500000	19750000	P5_INV	1|1	0.563992	2|2	0.223807	2|2	0.212202
chr7	20250000	21000000	P5_DCIS	1|1	0.321431	3|2	0.396043	3|2	0.282526
chr7	20250000	21000000	P5_INV	1|1	0.563992	3|2	0.223807	3|2	0.212202
chr7	21250000	21500000	P5_DCIS	1|1	0.321431	3|2	0.396043	3|2	0.282526
chr7	21250000	21500000	P5_INV	1|1	0.563992	3|2	0.223807	3|2	0.212202
chr7	21500000	23500000	P5_DCIS	1|1	0.321431	4|4	0.396043	2|2	0.282526
chr7	21500000	23500000	P5_INV	1|1	0.563992	4|4	0.223807	2|2	0.212202
chr7	23500000	23750000	P5_DCIS	1|1	0.321431	3|2	0.396043	3|2	0.282526
chr7	23500000	23750000	P5_INV	1|1	0.563992	3|2	0.223807	3|2	0.212202
chr7	23750000	24000000	P5_DCIS	1|1	0.321431	4|4	0.396043	2|2	0.282526
chr7	23750000	24000000	P5_INV	1|1	0.563992	4|4	0.223807	2|2	0.212202
chr7	24250000	24500000	P5_DCIS	1|1	0.321431	3|2	0.396043	3|2	0.282526
chr7	24250000	24500000	P5_INV	1|1	0.563992	3|2	0.223807	3|2	0.212202
chr7	24750000	25500000	P5_DCIS	1|1	0.321431	4|4	0.396043	2|2	0.282526
chr7	24750000	25500000	P5_INV	1|1	0.563992	4|4	0.223807	2|2	0.212202
chr7	25750000	26500000	P5_DCIS	1|1	0.321431	4|4	0.396043	2|2	0.282526
chr7	25750000	26500000	P5_INV	1|1	0.563992	4|4	0.223807	2|2	0.212202
chr7	26750000	28000000	P5_DCIS	1|1	0.321431	4|4	0.396043	2|2	0.282526
chr7	26750000	28000000	P5_INV	1|1	0.563992	4|4	0.223807	2|2	0.212202
chr7	28000000	28250000	P5_DCIS	1|1	0.321431	3|2	0.396043	3|2	0.282526
chr7	28000000	28250000	P5_INV	1|1	0.563992	3|2	0.223807	3|2	0.212202
chr7	28250000	28500000	P5_DCIS	1|1	0.321431	4|4	0.396043	2|2	0.282526
chr7	28250000	28500000	P5_INV	1|1	0.563992	4|4	0.223807	2|2	0.212202
chr7	28750000	29000000	P5_DCIS	1|1	0.321431	3|2	0.396043	3|2	0.282526
chr7	28750000	29000000	P5_INV	1|1	0.563992	3|2	0.223807	3|2	0.212202
chr7	29000000	29250000	P5_DCIS	1|1	0.321431	4|4	0.396043	2|2	0.282526
chr7	29000000	29250000	P5_INV	1|1	0.563992	4|4	0.223807	2|2	0.212202
chr7	29500000	30000000	P5_DCIS	1|1	0.321431	4|4	0.396043	2|2	0.282526
chr7	29500000	30000000	P5_INV	1|1	0.563992	4|4	0.223807	2|2	0.212202
chr7	30500000	31000000	P5_DCIS	1|1	0.321431	3|2	0.396043	3|2	0.282526
chr7	30500000	31000000	P5_INV	1|1	0.563992	3|2	0.223807	3|2	0.212202
chr7	31000000	31750000	P5_DCIS	1|1	0.321431	2|2	0.396043	2|2	0.282526
chr7	31000000	31750000	P5_INV	1|1	0.563992	2|2	0.223807	2|2	0.212202
chr7	31750000	32250000	P5_DCIS	1|1	0.321431	3|2	0.396043	3|2	0.282526
chr7	31750000	32250000	P5_INV	1|1	0.563992	3|2	0.223807	3|2	0.212202
chr7	32500000	33250000	P5_DCIS	1|1	0.321431	3|2	0.396043	3|2	0.282526
chr7	32500000	33250000	P5_INV	1|1	0.563992	3|2	0.223807	3|2	0.212202
chr7	33500000	33750000	P5_DCIS	1|1	0.321431	3|2	0.396043	3|2	0.282526
chr7	33500000	33750000	P5_INV	1|1	0.563992	3|2	0.223807	3|2	0.212202
chr7	34500000	34750000	P5_DCIS	1|1	0.321431	3|2	0.396043	3|2	0.282526
chr7	34500000	34750000	P5_INV	1|1	0.563992	3|2	0.223807	3|2	0.212202
chr7	34750000	35000000	P5_DCIS	1|1	0.321431	2|2	0.396043	2|2	0.282526
chr7	34750000	35000000	P5_INV	1|1	0.563992	2|2	0.223807	2|2	0.212202
chr7	35000000	35500000	P5_DCIS	1|1	0.321431	3|2	0.396043	3|2	0.282526
chr7	35000000	35500000	P5_INV	1|1	0.563992	3|2	0.223807	3|2	0.212202
chr7	35500000	35750000	P5_DCIS	1|1	0.321431	2|2	0.396043	2|2	0.282526
chr7	35500000	35750000	P5_INV	1|1	0.563992	2|2	0.223807	2|2	0.212202
chr7	36000000	36500000	P5_DCIS	1|1	0.321431	3|2	0.396043	3|2	0.282526
chr7	36000000	36500000	P5_INV	1|1	0.563992	3|2	0.223807	3|2	0.212202
chr7	36500000	36750000	P5_DCIS	1|1	0.321431	2|2	0.396043	2|2	0.282526
chr7	36500000	36750000	P5_INV	1|1	0.563992	2|2	0.223807	2|2	0.212202
chr7	36750000	37000000	P5_DCIS	1|1	0.321431	3|2	0.396043	3|2	0.282526
chr7	36750000	37000000	P5_INV	1|1	0.563992	3|2	0.223807	3|2	0.212202
chr7	37250000	37500000	P5_DCIS	1|1	0.321431	3|1	0.396043	3|1	0.282526
chr7	37250000	37500000	P5_INV	1|1	0.563992	3|1	0.223807	3|1	0.212202
chr7	37500000	38000000	P5_DCIS	1|1	0.321431	3|2	0.396043	3|2	0.282526
chr7	37500000	38000000	P5_INV	1|1	0.563992	3|2	0.223807	3|2	0.212202
chr7	38250000	38500000	P5_DCIS	1|1	0.321431	2|2	0.396043	2|2	0.282526
chr7	38250000	38500000	P5_INV	1|1	0.563992	2|2	0.223807	2|2	0.212202
chr7	38500000	38750000	P5_DCIS	1|1	0.321431	3|2	0.396043	3|2	0.282526
chr7	38500000	38750000	P5_INV	1|1	0.563992	3|2	0.223807	3|2	0.212202
chr7	38750000	39000000	P5_DCIS	1|1	0.321431	2|2	0.396043	2|2	0.282526
chr7	38750000	39000000	P5_INV	1|1	0.563992	2|2	0.223807	2|2	0.212202
chr7	39000000	39250000	P5_DCIS	1|1	0.321431	3|2	0.396043	3|2	0.282526
chr7	39000000	39250000	P5_INV	1|1	0.563992	3|2	0.223807	3|2	0.212202
chr7	39500000	39750000	P5_DCIS	1|1	0.321431	4|4	0.396043	2|2	0.282526
chr7	39500000	39750000	P5_INV	1|1	0.563992	4|4	0.223807	2|2	0.212202
chr7	40000000	40250000	P5_DCIS	1|1	0.321431	2|2	0.396043	6|1	0.282526
chr7	40000000	40250000	P5_INV	1|1	0.563992	2|2	0.223807	6|1	0.212202
chr7	40250000	40500000	P5_DCIS	1|1	0.321431	3|2	0.396043	3|2	0.282526
chr7	40250000	40500000	P5_INV	1|1	0.563992	3|2	0.223807	3|2	0.212202
chr7	40750000	41000000	P5_DCIS	1|1	0.321431	2|2	0.396043	2|2	0.282526
chr7	40750000	41000000	P5_INV	1|1	0.563992	2|2	0.223807	2|2	0.212202
chr7	42000000	42250000	P5_DCIS	1|1	0.321431	3|2	0.396043	3|2	0.282526
chr7	42000000	42250000	P5_INV	1|1	0.563992	3|2	0.223807	3|2	0.212202
chr7	42750000	43000000	P5_DCIS	1|1	0.321431	3|2	0.396043	3|2	0.282526
chr7	42750000	43000000	P5_INV	1|1	0.563992	3|2	0.223807	3|2	0.212202
chr7	43250000	43500000	P5_DCIS	1|1	0.321431	2|2	0.396043	2|2	0.282526
chr7	43250000	43500000	P5_INV	1|1	0.563992	2|2	0.223807	2|2	0.212202
chr7	43500000	43750000	P5_DCIS	1|1	0.321431	3|2	0.396043	3|2	0.282526
chr7	43500000	43750000	P5_INV	1|1	0.563992	3|2	0.223807	3|2	0.212202
chr7	43750000	44000000	P5_DCIS	1|1	0.321431	5|2	0.396043	2|2	0.282526
chr7	43750000	44000000	P5_INV	1|1	0.563992	5|2	0.223807	2|2	0.212202
chr7	44000000	44250000	P5_DCIS	1|1	0.321431	3|2	0.396043	3|2	0.282526
chr7	44000000	44250000	P5_INV	1|1	0.563992	3|2	0.223807	3|2	0.212202
chr7	44500000	44750000	P5_DCIS	1|1	0.321431	3|2	0.396043	3|2	0.282526
chr7	44500000	44750000	P5_INV	1|1	0.563992	3|2	0.223807	3|2	0.212202
chr7	44750000	45250000	P5_DCIS	1|1	0.321431	5|2	0.396043	2|2	0.282526
chr7	44750000	45250000	P5_INV	1|1	0.563992	5|2	0.223807	2|2	0.212202
chr7	45500000	46250000	P5_DCIS	1|1	0.321431	3|2	0.396043	3|2	0.282526
chr7	45500000	46250000	P5_INV	1|1	0.563992	3|2	0.223807	3|2	0.212202
chr7	47000000	47250000	P5_DCIS	1|1	0.321431	2|2	0.396043	2|2	0.282526
chr7	47000000	47250000	P5_INV	1|1	0.563992	2|2	0.223807	2|2	0.212202
chr7	47250000	47500000	P5_DCIS	1|1	0.321431	4|4	0.396043	2|2	0.282526
chr7	47250000	47500000	P5_INV	1|1	0.563992	4|4	0.223807	2|2	0.212202
chr7	47750000	48750000	P5_DCIS	1|1	0.321431	4|4	0.396043	2|2	0.282526
chr7	47750000	48750000	P5_INV	1|1	0.563992	4|4	0.223807	2|2	0.212202
chr7	49750000	50250000	P5_DCIS	1|1	0.321431	3|2	0.396043	3|2	0.282526
chr7	49750000	50250000	P5_INV	1|1	0.563992	3|2	0.223807	3|2	0.212202
chr7	50500000	50750000	P5_DCIS	1|1	0.321431	4|4	0.396043	2|2	0.282526
chr7	50500000	50750000	P5_INV	1|1	0.563992	4|4	0.223807	2|2	0.212202
chr7	50750000	51000000	P5_DCIS	1|1	0.321431	3|2	0.396043	3|2	0.282526
chr7	50750000	51000000	P5_INV	1|1	0.563992	3|2	0.223807	3|2	0.212202
chr7	51000000	51250000	P5_DCIS	1|1	0.321431	4|4	0.396043	2|2	0.282526
chr7	51000000	51250000	P5_INV	1|1	0.563992	4|4	0.223807	2|2	0.212202
chr7	51250000	51500000	P5_DCIS	1|1	0.321431	3|2	0.396043	3|2	0.282526
chr7	51250000	51500000	P5_INV	1|1	0.563992	3|2	0.223807	3|2	0.212202
chr7	51500000	51750000	P5_DCIS	1|1	0.321431	4|4	0.396043	2|2	0.282526
chr7	51500000	51750000	P5_INV	1|1	0.563992	4|4	0.223807	2|2	0.212202
chr7	53250000	53500000	P5_DCIS	1|1	0.321431	4|4	0.396043	2|2	0.282526
chr7	53250000	53500000	P5_INV	1|1	0.563992	4|4	0.223807	2|2	0.212202
chr7	53750000	54000000	P5_DCIS	1|1	0.321431	3|2	0.396043	3|2	0.282526
chr7	53750000	54000000	P5_INV	1|1	0.563992	3|2	0.223807	3|2	0.212202
chr7	55000000	55250000	P5_DCIS	1|1	0.321431	3|2	0.396043	3|2	0.282526
chr7	55000000	55250000	P5_INV	1|1	0.563992	3|2	0.223807	3|2	0.212202
chr7	55250000	56250000	P5_DCIS	1|1	0.321431	4|4	0.396043	2|2	0.282526
chr7	55250000	56250000	P5_INV	1|1	0.563992	4|4	0.223807	2|2	0.212202
chr7	56500000	56750000	P5_DCIS	1|1	0.321431	4|4	0.396043	2|2	0.282526
chr7	56500000	56750000	P5_INV	1|1	0.563992	4|4	0.223807	2|2	0.212202
chr7	56750000	57250000	P5_DCIS	1|1	0.321431	2|2	0.396043	5|2	0.282526
chr7	56750000	57250000	P5_INV	1|1	0.563992	2|2	0.223807	5|2	0.212202
chr7	57250000	57500000	P5_DCIS	1|1	0.321431	3|2	0.396043	3|2	0.282526
chr7	57250000	57500000	P5_INV	1|1	0.563992	3|2	0.223807	3|2	0.212202
chr7	57500000	57750000	P5_DCIS	1|1	0.321431	2|2	0.396043	6|1	0.282526
chr7	57500000	57750000	P5_INV	1|1	0.563992	2|2	0.223807	6|1	0.212202
chr7	57750000	58000000	P5_DCIS	1|1	0.321431	3|2	0.396043	3|2	0.282526
chr7	57750000	58000000	P5_INV	1|1	0.563992	3|2	0.223807	3|2	0.212202
chr7	61000000	61250000	P5_DCIS	1|1	0.321431	2|2	0.396043	6|2	0.282526
chr7	61000000	61250000	P5_INV	1|1	0.563992	2|2	0.223807	6|2	0.212202
chr7	61500000	62000000	P5_DCIS	1|1	0.321431	2|2	0.396043	6|2	0.282526
chr7	61500000	62000000	P5_INV	1|1	0.563992	2|2	0.223807	6|2	0.212202
chr7	62500000	62750000	P5_DCIS	1|1	0.321431	3|2	0.396043	3|2	0.282526
chr7	62500000	62750000	P5_INV	1|1	0.563992	3|2	0.223807	3|2	0.212202
chr7	62750000	63000000	P5_DCIS	1|1	0.321431	4|4	0.396043	2|2	0.282526
chr7	62750000	63000000	P5_INV	1|1	0.563992	4|4	0.223807	2|2	0.212202
chr7	63000000	63250000	P5_DCIS	1|1	0.321431	4|4	0.396043	4|3	0.282526
chr7	63000000	63250000	P5_INV	1|1	0.563992	4|4	0.223807	4|3	0.212202
chr7	63500000	63750000	P5_DCIS	1|1	0.321431	2|2	0.396043	5|2	0.282526
chr7	63500000	63750000	P5_INV	1|1	0.563992	2|2	0.223807	5|2	0.212202
chr7	63750000	64250000	P5_DCIS	1|1	0.321431	4|4	0.396043	2|2	0.282526
chr7	63750000	64250000	P5_INV	1|1	0.563992	4|4	0.223807	2|2	0.212202
chr7	64500000	64750000	P5_DCIS	1|1	0.321431	4|4	0.396043	2|2	0.282526
chr7	64500000	64750000	P5_INV	1|1	0.563992	4|4	0.223807	2|2	0.212202
chr7	65500000	67000000	P5_DCIS	1|1	0.321431	4|4	0.396043	2|2	0.282526
chr7	65500000	67000000	P5_INV	1|1	0.563992	4|4	0.223807	2|2	0.212202
chr7	70000000	70250000	P5_DCIS	1|1	0.321431	5|2	0.396043	4|2	0.282526
chr7	70000000	70250000	P5_INV	1|1	0.563992	5|2	0.223807	4|2	0.212202
chr7	70250000	70500000	P5_DCIS	1|1	0.321431	2|2	0.396043	5|2	0.282526
chr7	70250000	70500000	P5_INV	1|1	0.563992	2|2	0.223807	5|2	0.212202
chr7	71000000	71250000	P5_DCIS	1|1	0.321431	4|4	0.396043	2|2	0.282526
chr7	71000000	71250000	P5_INV	1|1	0.563992	4|4	0.223807	2|2	0.212202
chr7	71250000	71500000	P5_DCIS	1|1	0.321431	2|2	0.396043	5|2	0.282526
chr7	71250000	71500000	P5_INV	1|1	0.563992	2|2	0.223807	5|2	0.212202
chr7	71750000	72000000	P5_DCIS	1|1	0.321431	2|2	0.396043	5|2	0.282526
chr7	71750000	72000000	P5_INV	1|1	0.563992	2|2	0.223807	5|2	0.212202
chr7	72250000	72500000	P5_DCIS	1|1	0.321431	2|2	0.396043	6|2	0.282526
chr7	72250000	72500000	P5_INV	1|1	0.563992	2|2	0.223807	6|2	0.212202
chr7	75000000	75250000	P5_DCIS	1|1	0.321431	4|4	0.396043	4|3	0.282526
chr7	75000000	75250000	P5_INV	1|1	0.563992	4|4	0.223807	4|3	0.212202
chr7	75750000	76000000	P5_DCIS	1|1	0.321431	5|0	0.396043	8|2	0.282526
chr7	75750000	76000000	P5_INV	1|1	0.563992	5|0	0.223807	8|2	0.212202
chr7	76000000	76250000	P5_DCIS	1|1	0.321431	7|4	0.396043	3|2	0.282526
chr7	76000000	76250000	P5_INV	1|1	0.563992	7|4	0.223807	3|2	0.212202
chr7	76500000	77500000	P5_DCIS	1|1	0.321431	4|4	0.396043	2|2	0.282526
chr7	76500000	77500000	P5_INV	1|1	0.563992	4|4	0.223807	2|2	0.212202
chr7	77500000	78250000	P5_DCIS	1|1	0.321431	3|2	0.396043	3|2	0.282526
chr7	77500000	78250000	P5_INV	1|1	0.563992	3|2	0.223807	3|2	0.212202
chr7	79500000	79750000	P5_DCIS	1|1	0.321431	4|4	0.396043	2|2	0.282526
chr7	79500000	79750000	P5_INV	1|1	0.563992	4|4	0.223807	2|2	0.212202
chr7	80000000	80250000	P5_DCIS	1|1	0.321431	4|4	0.396043	2|2	0.282526
chr7	80000000	80250000	P5_INV	1|1	0.563992	4|4	0.223807	2|2	0.212202
chr7	80250000	80500000	P5_DCIS	1|1	0.321431	2|2	0.396043	5|2	0.282526
chr7	80250000	80500000	P5_INV	1|1	0.563992	2|2	0.223807	5|2	0.212202
chr7	81250000	81500000	P5_DCIS	1|1	0.321431	4|4	0.396043	2|2	0.282526
chr7	81250000	81500000	P5_INV	1|1	0.563992	4|4	0.223807	2|2	0.212202
chr7	81750000	82500000	P5_DCIS	1|1	0.321431	3|2	0.396043	3|2	0.282526
chr7	81750000	82500000	P5_INV	1|1	0.563992	3|2	0.223807	3|2	0.212202
chr7	82500000	82750000	P5_DCIS	1|1	0.321431	2|2	0.396043	3|0	0.282526
chr7	82500000	82750000	P5_INV	1|1	0.563992	2|2	0.223807	3|0	0.212202
chr7	83000000	83250000	P5_DCIS	1|1	0.321431	3|2	0.396043	3|2	0.282526
chr7	83000000	83250000	P5_INV	1|1	0.563992	3|2	0.223807	3|2	0.212202
chr7	83500000	83750000	P5_DCIS	1|1	0.321431	3|2	0.396043	3|2	0.282526
chr7	83500000	83750000	P5_INV	1|1	0.563992	3|2	0.223807	3|2	0.212202
chr7	84500000	84750000	P5_DCIS	1|1	0.321431	3|2	0.396043	3|2	0.282526
chr7	84500000	84750000	P5_INV	1|1	0.563992	3|2	0.223807	3|2	0.212202
chr7	85750000	86000000	P5_DCIS	1|1	0.321431	2|2	0.396043	3|0	0.282526
chr7	85750000	86000000	P5_INV	1|1	0.563992	2|2	0.223807	3|0	0.212202
chr7	86500000	86750000	P5_DCIS	1|1	0.321431	2|2	0.396043	3|0	0.282526
chr7	86500000	86750000	P5_INV	1|1	0.563992	2|2	0.223807	3|0	0.212202
chr7	86750000	87000000	P5_DCIS	1|1	0.321431	2|2	0.396043	2|2	0.282526
chr7	86750000	87000000	P5_INV	1|1	0.563992	2|2	0.223807	2|2	0.212202
chr7	87000000	88250000	P5_DCIS	1|1	0.321431	3|2	0.396043	3|2	0.282526
chr7	87000000	88250000	P5_INV	1|1	0.563992	3|2	0.223807	3|2	0.212202
chr7	88750000	89000000	P5_DCIS	1|1	0.321431	3|2	0.396043	3|2	0.282526
chr7	88750000	89000000	P5_INV	1|1	0.563992	3|2	0.223807	3|2	0.212202
chr7	89500000	89750000	P5_DCIS	1|1	0.321431	4|4	0.396043	2|2	0.282526
chr7	89500000	89750000	P5_INV	1|1	0.563992	4|4	0.223807	2|2	0.212202
chr7	89750000	90250000	P5_DCIS	1|1	0.321431	3|2	0.396043	3|2	0.282526
chr7	89750000	90250000	P5_INV	1|1	0.563992	3|2	0.223807	3|2	0.212202
chr7	90500000	90750000	P5_DCIS	1|1	0.321431	3|2	0.396043	3|2	0.282526
chr7	90500000	90750000	P5_INV	1|1	0.563992	3|2	0.223807	3|2	0.212202
chr7	91750000	92000000	P5_DCIS	1|1	0.321431	3|2	0.396043	3|2	0.282526
chr7	91750000	92000000	P5_INV	1|1	0.563992	3|2	0.223807	3|2	0.212202
chr7	92250000	92500000	P5_DCIS	1|1	0.321431	3|2	0.396043	3|2	0.282526
chr7	92250000	92500000	P5_INV	1|1	0.563992	3|2	0.223807	3|2	0.212202
chr7	92500000	92750000	P5_DCIS	1|1	0.321431	2|2	0.396043	3|0	0.282526
chr7	92500000	92750000	P5_INV	1|1	0.563992	2|2	0.223807	3|0	0.212202
chr7	92750000	93000000	P5_DCIS	1|1	0.321431	3|2	0.396043	3|2	0.282526
chr7	92750000	93000000	P5_INV	1|1	0.563992	3|2	0.223807	3|2	0.212202
chr7	93000000	93250000	P5_DCIS	1|1	0.321431	4|4	0.396043	2|2	0.282526
chr7	93000000	93250000	P5_INV	1|1	0.563992	4|4	0.223807	2|2	0.212202
chr7	93250000	93500000	P5_DCIS	1|1	0.321431	2|2	0.396043	6|1	0.282526
chr7	93250000	93500000	P5_INV	1|1	0.563992	2|2	0.223807	6|1	0.212202
chr7	93500000	93750000	P5_DCIS	1|1	0.321431	3|2	0.396043	3|2	0.282526
chr7	93500000	93750000	P5_INV	1|1	0.563992	3|2	0.223807	3|2	0.212202
chr7	94000000	94250000	P5_DCIS	1|1	0.321431	3|2	0.396043	3|2	0.282526
chr7	94000000	94250000	P5_INV	1|1	0.563992	3|2	0.223807	3|2	0.212202
chr7	94250000	94500000	P5_DCIS	1|1	0.321431	2|2	0.396043	3|0	0.282526
chr7	94250000	94500000	P5_INV	1|1	0.563992	2|2	0.223807	3|0	0.212202
chr7	94750000	95250000	P5_DCIS	1|1	0.321431	3|2	0.396043	3|2	0.282526
chr7	94750000	95250000	P5_INV	1|1	0.563992	3|2	0.223807	3|2	0.212202
chr7	95500000	95750000	P5_DCIS	1|1	0.321431	3|2	0.396043	3|2	0.282526
chr7	95500000	95750000	P5_INV	1|1	0.563992	3|2	0.223807	3|2	0.212202
chr7	96500000	96750000	P5_DCIS	1|1	0.321431	3|2	0.396043	3|2	0.282526
chr7	96500000	96750000	P5_INV	1|1	0.563992	3|2	0.223807	3|2	0.212202
chr7	97250000	98000000	P5_DCIS	1|1	0.321431	3|2	0.396043	3|2	0.282526
chr7	97250000	98000000	P5_INV	1|1	0.563992	3|2	0.223807	3|2	0.212202
chr7	98000000	98250000	P5_DCIS	1|1	0.321431	5|2	0.396043	4|2	0.282526
chr7	98000000	98250000	P5_INV	1|1	0.563992	5|2	0.223807	4|2	0.212202
chr7	98250000	98500000	P5_DCIS	1|1	0.321431	2|2	0.396043	5|2	0.282526
chr7	98250000	98500000	P5_INV	1|1	0.563992	2|2	0.223807	5|2	0.212202
chr7	98500000	98750000	P5_DCIS	1|1	0.321431	4|4	0.396043	2|2	0.282526
chr7	98500000	98750000	P5_INV	1|1	0.563992	4|4	0.223807	2|2	0.212202
chr7	98750000	99250000	P5_DCIS	1|1	0.321431	3|2	0.396043	3|2	0.282526
chr7	98750000	99250000	P5_INV	1|1	0.563992	3|2	0.223807	3|2	0.212202
chr7	99250000	99500000	P5_DCIS	1|1	0.321431	2|2	0.396043	3|0	0.282526
chr7	99250000	99500000	P5_INV	1|1	0.563992	2|2	0.223807	3|0	0.212202
chr7	99500000	99750000	P5_DCIS	1|1	0.321431	8|2	0.396043	2|2	0.282526
chr7	99500000	99750000	P5_INV	1|1	0.563992	8|2	0.223807	2|2	0.212202
chr7	99750000	100250000	P5_DCIS	1|1	0.321431	3|2	0.396043	3|2	0.282526
chr7	99750000	100250000	P5_INV	1|1	0.563992	3|2	0.223807	3|2	0.212202
chr7	100250000	100500000	P5_DCIS	1|1	0.321431	7|4	0.396043	3|2	0.282526
chr7	100250000	100500000	P5_INV	1|1	0.563992	7|4	0.223807	3|2	0.212202
chr7	100500000	100750000	P5_DCIS	1|1	0.321431	2|2	0.396043	5|2	0.282526
chr7	100500000	100750000	P5_INV	1|1	0.563992	2|2	0.223807	5|2	0.212202
chr7	100750000	101500000	P5_DCIS	1|1	0.321431	3|2	0.396043	3|2	0.282526
chr7	100750000	101500000	P5_INV	1|1	0.563992	3|2	0.223807	3|2	0.212202
chr7	101500000	101750000	P5_DCIS	1|1	0.321431	2|2	0.396043	5|2	0.282526
chr7	101500000	101750000	P5_INV	1|1	0.563992	2|2	0.223807	5|2	0.212202
chr7	102000000	102250000	P5_DCIS	1|1	0.321431	4|4	0.396043	4|3	0.282526
chr7	102000000	102250000	P5_INV	1|1	0.563992	4|4	0.223807	4|3	0.212202
chr7	102250000	102750000	P5_DCIS	1|1	0.321431	3|2	0.396043	3|2	0.282526
chr7	102250000	102750000	P5_INV	1|1	0.563992	3|2	0.223807	3|2	0.212202
chr7	102750000	103000000	P5_DCIS	1|1	0.321431	3|1	0.396043	3|1	0.282526
chr7	102750000	103000000	P5_INV	1|1	0.563992	3|1	0.223807	3|1	0.212202
chr7	103000000	103250000	P5_DCIS	1|1	0.321431	2|2	0.396043	6|1	0.282526
chr7	103000000	103250000	P5_INV	1|1	0.563992	2|2	0.223807	6|1	0.212202
chr7	103250000	103500000	P5_DCIS	1|1	0.321431	3|2	0.396043	3|2	0.282526
chr7	103250000	103500000	P5_INV	1|1	0.563992	3|2	0.223807	3|2	0.212202
chr7	103750000	104000000	P5_DCIS	1|1	0.321431	3|2	0.396043	3|2	0.282526
chr7	103750000	104000000	P5_INV	1|1	0.563992	3|2	0.223807	3|2	0.212202
chr7	104500000	105250000	P5_DCIS	1|1	0.321431	2|2	0.396043	5|2	0.282526
chr7	104500000	105250000	P5_INV	1|1	0.563992	2|2	0.223807	5|2	0.212202
chr7	105500000	105750000	P5_DCIS	1|1	0.321431	3|2	0.396043	3|2	0.282526
chr7	105500000	105750000	P5_INV	1|1	0.563992	3|2	0.223807	3|2	0.212202
chr7	105750000	106000000	P5_DCIS	1|1	0.321431	4|4	0.396043	2|2	0.282526
chr7	105750000	106000000	P5_INV	1|1	0.563992	4|4	0.223807	2|2	0.212202
chr7	106250000	106500000	P5_DCIS	1|1	0.321431	3|1	0.396043	3|1	0.282526
chr7	106250000	106500000	P5_INV	1|1	0.563992	3|1	0.223807	3|1	0.212202
chr7	106500000	107250000	P5_DCIS	1|1	0.321431	4|4	0.396043	2|2	0.282526
chr7	106500000	107250000	P5_INV	1|1	0.563992	4|4	0.223807	2|2	0.212202
chr7	107250000	107750000	P5_DCIS	1|1	0.321431	3|2	0.396043	3|2	0.282526
chr7	107250000	107750000	P5_INV	1|1	0.563992	3|2	0.223807	3|2	0.212202
chr7	107750000	108000000	P5_DCIS	1|1	0.321431	5|2	0.396043	2|2	0.282526
chr7	107750000	108000000	P5_INV	1|1	0.563992	5|2	0.223807	2|2	0.212202
chr7	108000000	108250000	P5_DCIS	1|1	0.321431	3|2	0.396043	3|2	0.282526
chr7	108000000	108250000	P5_INV	1|1	0.563992	3|2	0.223807	3|2	0.212202
chr7	108500000	108750000	P5_DCIS	1|1	0.321431	3|2	0.396043	3|2	0.282526
chr7	108500000	108750000	P5_INV	1|1	0.563992	3|2	0.223807	3|2	0.212202
chr7	109500000	109750000	P5_DCIS	1|1	0.321431	2|1	0.396043	2|1	0.282526
chr7	109500000	109750000	P5_INV	1|1	0.563992	2|1	0.223807	2|1	0.212202
chr7	111250000	111500000	P5_DCIS	1|1	0.321431	3|2	0.396043	3|2	0.282526
chr7	111250000	111500000	P5_INV	1|1	0.563992	3|2	0.223807	3|2	0.212202
chr7	111500000	111750000	P5_DCIS	1|1	0.321431	2|2	0.396043	2|2	0.282526
chr7	111500000	111750000	P5_INV	1|1	0.563992	2|2	0.223807	2|2	0.212202
chr7	111750000	112000000	P5_DCIS	1|1	0.321431	2|2	0.396043	6|1	0.282526
chr7	111750000	112000000	P5_INV	1|1	0.563992	2|2	0.223807	6|1	0.212202
chr7	112000000	112500000	P5_DCIS	1|1	0.321431	3|2	0.396043	3|2	0.282526
chr7	112000000	112500000	P5_INV	1|1	0.563992	3|2	0.223807	3|2	0.212202
chr7	112500000	112750000	P5_DCIS	1|1	0.321431	4|4	0.396043	2|2	0.282526
chr7	112500000	112750000	P5_INV	1|1	0.563992	4|4	0.223807	2|2	0.212202
chr7	113500000	113750000	P5_DCIS	1|1	0.321431	3|1	0.396043	3|1	0.282526
chr7	113500000	113750000	P5_INV	1|1	0.563992	3|1	0.223807	3|1	0.212202
chr7	114000000	114250000	P5_DCIS	1|1	0.321431	3|2	0.396043	3|2	0.282526
chr7	114000000	114250000	P5_INV	1|1	0.563992	3|2	0.223807	3|2	0.212202
chr7	114500000	114750000	P5_DCIS	1|1	0.321431	2|2	0.396043	2|2	0.282526
chr7	114500000	114750000	P5_INV	1|1	0.563992	2|2	0.223807	2|2	0.212202
chr7	115500000	115750000	P5_DCIS	1|1	0.321431	2|2	0.396043	2|2	0.282526
chr7	115500000	115750000	P5_INV	1|1	0.563992	2|2	0.223807	2|2	0.212202
chr7	116000000	116250000	P5_DCIS	1|1	0.321431	3|2	0.396043	3|2	0.282526
chr7	116000000	116250000	P5_INV	1|1	0.563992	3|2	0.223807	3|2	0.212202
chr7	116750000	117000000	P5_DCIS	1|1	0.321431	2|2	0.396043	2|2	0.282526
chr7	116750000	117000000	P5_INV	1|1	0.563992	2|2	0.223807	2|2	0.212202
chr7	117000000	117500000	P5_DCIS	1|1	0.321431	3|2	0.396043	3|2	0.282526
chr7	117000000	117500000	P5_INV	1|1	0.563992	3|2	0.223807	3|2	0.212202
chr7	117500000	117750000	P5_DCIS	1|1	0.321431	3|1	0.396043	3|1	0.282526
chr7	117500000	117750000	P5_INV	1|1	0.563992	3|1	0.223807	3|1	0.212202
chr7	117750000	118000000	P5_DCIS	1|1	0.321431	3|2	0.396043	3|2	0.282526
chr7	117750000	118000000	P5_INV	1|1	0.563992	3|2	0.223807	3|2	0.212202
chr7	120250000	120500000	P5_DCIS	1|1	0.321431	2|2	0.396043	2|2	0.282526
chr7	120250000	120500000	P5_INV	1|1	0.563992	2|2	0.223807	2|2	0.212202
chr7	120500000	121000000	P5_DCIS	1|1	0.321431	3|2	0.396043	3|2	0.282526
chr7	120500000	121000000	P5_INV	1|1	0.563992	3|2	0.223807	3|2	0.212202
chr7	121000000	121250000	P5_DCIS	1|1	0.321431	3|1	0.396043	3|1	0.282526
chr7	121000000	121250000	P5_INV	1|1	0.563992	3|1	0.223807	3|1	0.212202
chr7	121750000	122000000	P5_DCIS	1|1	0.321431	3|2	0.396043	3|2	0.282526
chr7	121750000	122000000	P5_INV	1|1	0.563992	3|2	0.223807	3|2	0.212202
chr7	122000000	122500000	P5_DCIS	1|1	0.321431	2|2	0.396043	2|2	0.282526
chr7	122000000	122500000	P5_INV	1|1	0.563992	2|2	0.223807	2|2	0.212202
chr7	122500000	123250000	P5_DCIS	1|1	0.321431	3|2	0.396043	3|2	0.282526
chr7	122500000	123250000	P5_INV	1|1	0.563992	3|2	0.223807	3|2	0.212202
chr7	123500000	123750000	P5_DCIS	1|1	0.321431	3|2	0.396043	3|2	0.282526
chr7	123500000	123750000	P5_INV	1|1	0.563992	3|2	0.223807	3|2	0.212202
chr7	124000000	124250000	P5_DCIS	1|1	0.321431	2|2	0.396043	3|0	0.282526
chr7	124000000	124250000	P5_INV	1|1	0.563992	2|2	0.223807	3|0	0.212202
chr7	124250000	124500000	P5_DCIS	1|1	0.321431	2|2	0.396043	2|2	0.282526
chr7	124250000	124500000	P5_INV	1|1	0.563992	2|2	0.223807	2|2	0.212202
chr7	124750000	125000000	P5_DCIS	1|1	0.321431	3|2	0.396043	3|2	0.282526
chr7	124750000	125000000	P5_INV	1|1	0.563992	3|2	0.223807	3|2	0.212202
chr7	126000000	126750000	P5_DCIS	1|1	0.321431	2|2	0.396043	2|2	0.282526
chr7	126000000	126750000	P5_INV	1|1	0.563992	2|2	0.223807	2|2	0.212202
chr7	126750000	127000000	P5_DCIS	1|1	0.321431	3|2	0.396043	3|2	0.282526
chr7	126750000	127000000	P5_INV	1|1	0.563992	3|2	0.223807	3|2	0.212202
chr7	127500000	128750000	P5_DCIS	1|1	0.321431	3|2	0.396043	3|2	0.282526
chr7	127500000	128750000	P5_INV	1|1	0.563992	3|2	0.223807	3|2	0.212202
chr7	128750000	129000000	P5_DCIS	1|1	0.321431	4|4	0.396043	2|2	0.282526
chr7	128750000	129000000	P5_INV	1|1	0.563992	4|4	0.223807	2|2	0.212202
chr7	129000000	130000000	P5_DCIS	1|1	0.321431	3|2	0.396043	3|2	0.282526
chr7	129000000	130000000	P5_INV	1|1	0.563992	3|2	0.223807	3|2	0.212202
chr7	131000000	131250000	P5_DCIS	1|1	0.321431	2|2	0.396043	2|2	0.282526
chr7	131000000	131250000	P5_INV	1|1	0.563992	2|2	0.223807	2|2	0.212202
chr7	131250000	131500000	P5_DCIS	1|1	0.321431	3|2	0.396043	3|2	0.282526
chr7	131250000	131500000	P5_INV	1|1	0.563992	3|2	0.223807	3|2	0.212202
chr7	131750000	132000000	P5_DCIS	1|1	0.321431	3|2	0.396043	3|2	0.282526
chr7	131750000	132000000	P5_INV	1|1	0.563992	3|2	0.223807	3|2	0.212202
chr7	132000000	132500000	P5_DCIS	1|1	0.321431	2|2	0.396043	2|2	0.282526
chr7	132000000	132500000	P5_INV	1|1	0.563992	2|2	0.223807	2|2	0.212202
chr7	132500000	133000000	P5_DCIS	1|1	0.321431	3|2	0.396043	3|2	0.282526
chr7	132500000	133000000	P5_INV	1|1	0.563992	3|2	0.223807	3|2	0.212202
chr7	133500000	133750000	P5_DCIS	1|1	0.321431	3|2	0.396043	3|2	0.282526
chr7	133500000	133750000	P5_INV	1|1	0.563992	3|2	0.223807	3|2	0.212202
chr7	134000000	134250000	P5_DCIS	1|1	0.321431	3|2	0.396043	3|2	0.282526
chr7	134000000	134250000	P5_INV	1|1	0.563992	3|2	0.223807	3|2	0.212202
chr7	134250000	134500000	P5_DCIS	1|1	0.321431	2|2	0.396043	2|2	0.282526
chr7	134250000	134500000	P5_INV	1|1	0.563992	2|2	0.223807	2|2	0.212202
chr7	134500000	135500000	P5_DCIS	1|1	0.321431	3|2	0.396043	3|2	0.282526
chr7	134500000	135500000	P5_INV	1|1	0.563992	3|2	0.223807	3|2	0.212202
chr7	135750000	136000000	P5_DCIS	1|1	0.321431	2|2	0.396043	2|2	0.282526
chr7	135750000	136000000	P5_INV	1|1	0.563992	2|2	0.223807	2|2	0.212202
chr7	136250000	137250000	P5_DCIS	1|1	0.321431	3|2	0.396043	3|2	0.282526
chr7	136250000	137250000	P5_INV	1|1	0.563992	3|2	0.223807	3|2	0.212202
chr7	137250000	137500000	P5_DCIS	1|1	0.321431	2|1	0.396043	5|0	0.282526
chr7	137250000	137500000	P5_INV	1|1	0.563992	2|1	0.223807	5|0	0.212202
chr7	137500000	137750000	P5_DCIS	1|1	0.321431	3|1	0.396043	3|1	0.282526
chr7	137500000	137750000	P5_INV	1|1	0.563992	3|1	0.223807	3|1	0.212202
chr7	138000000	139000000	P5_DCIS	1|1	0.321431	3|2	0.396043	3|2	0.282526
chr7	138000000	139000000	P5_INV	1|1	0.563992	3|2	0.223807	3|2	0.212202
chr7	139000000	139250000	P5_DCIS	1|1	0.321431	2|2	0.396043	6|1	0.282526
chr7	139000000	139250000	P5_INV	1|1	0.563992	2|2	0.223807	6|1	0.212202
chr7	139250000	139500000	P5_DCIS	1|1	0.321431	3|2	0.396043	3|2	0.282526
chr7	139250000	139500000	P5_INV	1|1	0.563992	3|2	0.223807	3|2	0.212202
chr7	139500000	140000000	P5_DCIS	1|1	0.321431	2|2	0.396043	2|2	0.282526
chr7	139500000	140000000	P5_INV	1|1	0.563992	2|2	0.223807	2|2	0.212202
chr7	140000000	140500000	P5_DCIS	1|1	0.321431	3|2	0.396043	3|2	0.282526
chr7	140000000	140500000	P5_INV	1|1	0.563992	3|2	0.223807	3|2	0.212202
chr7	142500000	144500000	P5_DCIS	1|1	0.321431	3|2	0.396043	3|2	0.282526
chr7	142500000	144500000	P5_INV	1|1	0.563992	3|2	0.223807	3|2	0.212202
chr7	144500000	144750000	P5_DCIS	1|1	0.321431	2|2	0.396043	2|2	0.282526
chr7	144500000	144750000	P5_INV	1|1	0.563992	2|2	0.223807	2|2	0.212202
chr7	145000000	145250000	P5_DCIS	1|1	0.321431	2|1	0.396043	5|0	0.282526
chr7	145000000	145250000	P5_INV	1|1	0.563992	2|1	0.223807	5|0	0.212202
chr7	145250000	145500000	P5_DCIS	1|1	0.321431	3|2	0.396043	3|2	0.282526
chr7	145250000	145500000	P5_INV	1|1	0.563992	3|2	0.223807	3|2	0.212202
chr7	146750000	147000000	P5_DCIS	1|1	0.321431	2|2	0.396043	2|2	0.282526
chr7	146750000	147000000	P5_INV	1|1	0.563992	2|2	0.223807	2|2	0.212202
chr7	147000000	147500000	P5_DCIS	1|1	0.321431	3|2	0.396043	3|2	0.282526
chr7	147000000	147500000	P5_INV	1|1	0.563992	3|2	0.223807	3|2	0.212202
chr7	147500000	147750000	P5_DCIS	1|1	0.321431	2|2	0.396043	2|2	0.282526
chr7	147500000	147750000	P5_INV	1|1	0.563992	2|2	0.223807	2|2	0.212202
chr7	147750000	148250000	P5_DCIS	1|1	0.321431	3|2	0.396043	3|2	0.282526
chr7	147750000	148250000	P5_INV	1|1	0.563992	3|2	0.223807	3|2	0.212202
chr7	148250000	148500000	P5_DCIS	1|1	0.321431	2|2	0.396043	2|2	0.282526
chr7	148250000	148500000	P5_INV	1|1	0.563992	2|2	0.223807	2|2	0.212202
chr7	148500000	148750000	P5_DCIS	1|1	0.321431	5|2	0.396043	2|2	0.282526
chr7	148500000	148750000	P5_INV	1|1	0.563992	5|2	0.223807	2|2	0.212202
chr7	148750000	149750000	P5_DCIS	1|1	0.321431	3|2	0.396043	3|2	0.282526
chr7	148750000	149750000	P5_INV	1|1	0.563992	3|2	0.223807	3|2	0.212202
chr7	150000000	150250000	P5_DCIS	1|1	0.321431	4|4	0.396043	2|2	0.282526
chr7	150000000	150250000	P5_INV	1|1	0.563992	4|4	0.223807	2|2	0.212202
chr7	150250000	152000000	P5_DCIS	1|1	0.321431	3|2	0.396043	3|2	0.282526
chr7	150250000	152000000	P5_INV	1|1	0.563992	3|2	0.223807	3|2	0.212202
chr7	152250000	152500000	P5_DCIS	1|1	0.321431	3|2	0.396043	3|2	0.282526
chr7	152250000	152500000	P5_INV	1|1	0.563992	3|2	0.223807	3|2	0.212202
chr7	152500000	152750000	P5_DCIS	1|1	0.321431	2|2	0.396043	6|1	0.282526
chr7	152500000	152750000	P5_INV	1|1	0.563992	2|2	0.223807	6|1	0.212202
chr7	152750000	153000000	P5_DCIS	1|1	0.321431	3|2	0.396043	3|2	0.282526
chr7	152750000	153000000	P5_INV	1|1	0.563992	3|2	0.223807	3|2	0.212202
chr7	153000000	153250000	P5_DCIS	1|1	0.321431	4|4	0.396043	2|2	0.282526
chr7	153000000	153250000	P5_INV	1|1	0.563992	4|4	0.223807	2|2	0.212202
chr7	154250000	155250000	P5_DCIS	1|1	0.321431	3|2	0.396043	3|2	0.282526
chr7	154250000	155250000	P5_INV	1|1	0.563992	3|2	0.223807	3|2	0.212202
chr7	155250000	155500000	P5_DCIS	1|1	0.321431	4|4	0.396043	2|2	0.282526
chr7	155250000	155500000	P5_INV	1|1	0.563992	4|4	0.223807	2|2	0.212202
chr7	155500000	156000000	P5_DCIS	1|1	0.321431	2|2	0.396043	2|2	0.282526
chr7	155500000	156000000	P5_INV	1|1	0.563992	2|2	0.223807	2|2	0.212202
chr7	156250000	156500000	P5_DCIS	1|1	0.321431	3|2	0.396043	3|2	0.282526
chr7	156250000	156500000	P5_INV	1|1	0.563992	3|2	0.223807	3|2	0.212202
chr7	156500000	156750000	P5_DCIS	1|1	0.321431	4|4	0.396043	2|2	0.282526
chr7	156500000	156750000	P5_INV	1|1	0.563992	4|4	0.223807	2|2	0.212202
chr7	156750000	157250000	P5_DCIS	1|1	0.321431	7|4	0.396043	3|2	0.282526
chr7	156750000	157250000	P5_INV	1|1	0.563992	7|4	0.223807	3|2	0.212202
chr7	157500000	157750000	P5_DCIS	1|1	0.321431	5|2	0.396043	4|2	0.282526
chr7	157500000	157750000	P5_INV	1|1	0.563992	5|2	0.223807	4|2	0.212202
chr7	157750000	158000000	P5_DCIS	1|1	0.321431	2|2	0.396043	3|0	0.282526
chr7	157750000	158000000	P5_INV	1|1	0.563992	2|2	0.223807	3|0	0.212202
chr7	158250000	159000000	P5_DCIS	1|1	0.321431	3|2	0.396043	3|2	0.282526
chr7	158250000	159000000	P5_INV	1|1	0.563992	3|2	0.223807	3|2	0.212202
chr8	1	500000	P5_DCIS	1|1	0.321431	2|1	0.396043	5|0	0.282526
chr8	1	500000	P5_INV	1|1	0.563992	2|1	0.223807	5|0	0.212202
chr8	500000	750000	P5_DCIS	1|1	0.321431	3|1	0.396043	3|1	0.282526
chr8	500000	750000	P5_INV	1|1	0.563992	3|1	0.223807	3|1	0.212202
chr8	1500000	2000000	P5_DCIS	1|1	0.321431	3|1	0.396043	3|1	0.282526
chr8	1500000	2000000	P5_INV	1|1	0.563992	3|1	0.223807	3|1	0.212202
chr8	2750000	3500000	P5_DCIS	1|1	0.321431	3|1	0.396043	3|1	0.282526
chr8	2750000	3500000	P5_INV	1|1	0.563992	3|1	0.223807	3|1	0.212202
chr8	3750000	4000000	P5_DCIS	1|1	0.321431	2|1	0.396043	2|1	0.282526
chr8	3750000	4000000	P5_INV	1|1	0.563992	2|1	0.223807	2|1	0.212202
chr8	4500000	4750000	P5_DCIS	1|1	0.321431	3|1	0.396043	3|1	0.282526
chr8	4500000	4750000	P5_INV	1|1	0.563992	3|1	0.223807	3|1	0.212202
chr8	4750000	5000000	P5_DCIS	1|1	0.321431	3|2	0.396043	3|2	0.282526
chr8	4750000	5000000	P5_INV	1|1	0.563992	3|2	0.223807	3|2	0.212202
chr8	5500000	5750000	P5_DCIS	1|1	0.321431	3|1	0.396043	3|1	0.282526
chr8	5500000	5750000	P5_INV	1|1	0.563992	3|1	0.223807	3|1	0.212202
chr8	6250000	7000000	P5_DCIS	1|1	0.321431	3|1	0.396043	3|1	0.282526
chr8	6250000	7000000	P5_INV	1|1	0.563992	3|1	0.223807	3|1	0.212202
chr8	7000000	7500000	P5_DCIS	1|1	0.321431	3|2	0.396043	3|2	0.282526
chr8	7000000	7500000	P5_INV	1|1	0.563992	3|2	0.223807	3|2	0.212202
chr8	7500000	7750000	P5_DCIS	1|1	0.321431	4|4	0.396043	4|3	0.282526
chr8	7500000	7750000	P5_INV	1|1	0.563992	4|4	0.223807	4|3	0.212202
chr8	7750000	8000000	P5_DCIS	1|1	0.321431	3|2	0.396043	3|2	0.282526
chr8	7750000	8000000	P5_INV	1|1	0.563992	3|2	0.223807	3|2	0.212202
chr8	8000000	8250000	P5_DCIS	1|1	0.321431	5|1	0.396043	3|1	0.282526
chr8	8000000	8250000	P5_INV	1|1	0.563992	5|1	0.223807	3|1	0.212202
chr8	8500000	9000000	P5_DCIS	1|1	0.321431	3|1	0.396043	3|1	0.282526
chr8	8500000	9000000	P5_INV	1|1	0.563992	3|1	0.223807	3|1	0.212202
chr8	9250000	9750000	P5_DCIS	1|1	0.321431	3|1	0.396043	3|1	0.282526
chr8	9250000	9750000	P5_INV	1|1	0.563992	3|1	0.223807	3|1	0.212202
chr8	10250000	10750000	P5_DCIS	1|1	0.321431	3|1	0.396043	3|1	0.282526
chr8	10250000	10750000	P5_INV	1|1	0.563992	3|1	0.223807	3|1	0.212202
chr8	10750000	11000000	P5_DCIS	1|1	0.321431	3|2	0.396043	3|2	0.282526
chr8	10750000	11000000	P5_INV	1|1	0.563992	3|2	0.223807	3|2	0.212202
chr8	11000000	11250000	P5_DCIS	1|1	0.321431	3|1	0.396043	3|1	0.282526
chr8	11000000	11250000	P5_INV	1|1	0.563992	3|1	0.223807	3|1	0.212202
chr8	11250000	11500000	P5_DCIS	1|1	0.321431	2|1	0.396043	2|1	0.282526
chr8	11250000	11500000	P5_INV	1|1	0.563992	2|1	0.223807	2|1	0.212202
chr8	11500000	11750000	P5_DCIS	1|1	0.321431	5|1	0.396043	3|1	0.282526
chr8	11500000	11750000	P5_INV	1|1	0.563992	5|1	0.223807	3|1	0.212202
chr8	11750000	12000000	P5_DCIS	1|1	0.321431	3|1	0.396043	3|1	0.282526
chr8	11750000	12000000	P5_INV	1|1	0.563992	3|1	0.223807	3|1	0.212202
chr8	12000000	12250000	P5_DCIS	1|1	0.321431	5|2	0.396043	4|2	0.282526
chr8	12000000	12250000	P5_INV	1|1	0.563992	5|2	0.223807	4|2	0.212202
chr8	12250000	12500000	P5_DCIS	1|1	0.321431	2|1	0.396043	2|1	0.282526
chr8	12250000	12500000	P5_INV	1|1	0.563992	2|1	0.223807	2|1	0.212202
chr8	12500000	13000000	P5_DCIS	1|1	0.321431	3|1	0.396043	3|1	0.282526
chr8	12500000	13000000	P5_INV	1|1	0.563992	3|1	0.223807	3|1	0.212202
chr8	13000000	13250000	P5_DCIS	1|1	0.321431	2|1	0.396043	5|0	0.282526
chr8	13000000	13250000	P5_INV	1|1	0.563992	2|1	0.223807	5|0	0.212202
chr8	13250000	13500000	P5_DCIS	1|1	0.321431	3|1	0.396043	3|1	0.282526
chr8	13250000	13500000	P5_INV	1|1	0.563992	3|1	0.223807	3|1	0.212202
chr8	13500000	13750000	P5_DCIS	1|1	0.321431	2|1	0.396043	2|1	0.282526
chr8	13500000	13750000	P5_INV	1|1	0.563992	2|1	0.223807	2|1	0.212202
chr8	13750000	14000000	P5_DCIS	1|1	0.321431	3|1	0.396043	3|1	0.282526
chr8	13750000	14000000	P5_INV	1|1	0.563992	3|1	0.223807	3|1	0.212202
chr8	14000000	14250000	P5_DCIS	1|1	0.321431	2|2	0.396043	3|0	0.282526
chr8	14000000	14250000	P5_INV	1|1	0.563992	2|2	0.223807	3|0	0.212202
chr8	15000000	15250000	P5_DCIS	1|1	0.321431	3|2	0.396043	3|2	0.282526
chr8	15000000	15250000	P5_INV	1|1	0.563992	3|2	0.223807	3|2	0.212202
chr8	15500000	15750000	P5_DCIS	1|1	0.321431	3|1	0.396043	3|1	0.282526
chr8	15500000	15750000	P5_INV	1|1	0.563992	3|1	0.223807	3|1	0.212202
chr8	16000000	16250000	P5_DCIS	1|1	0.321431	3|1	0.396043	3|1	0.282526
chr8	16000000	16250000	P5_INV	1|1	0.563992	3|1	0.223807	3|1	0.212202
chr8	16750000	18750000	P5_DCIS	1|1	0.321431	3|1	0.396043	3|1	0.282526
chr8	16750000	18750000	P5_INV	1|1	0.563992	3|1	0.223807	3|1	0.212202
chr8	19000000	19750000	P5_DCIS	1|1	0.321431	3|1	0.396043	3|1	0.282526
chr8	19000000	19750000	P5_INV	1|1	0.563992	3|1	0.223807	3|1	0.212202
chr8	19750000	20000000	P5_DCIS	1|1	0.321431	2|1	0.396043	5|0	0.282526
chr8	19750000	20000000	P5_INV	1|1	0.563992	2|1	0.223807	5|0	0.212202
chr8	20000000	20250000	P5_DCIS	1|1	0.321431	3|1	0.396043	3|1	0.282526
chr8	20000000	20250000	P5_INV	1|1	0.563992	3|1	0.223807	3|1	0.212202
chr8	20750000	21000000	P5_DCIS	1|1	0.321431	3|1	0.396043	3|1	0.282526
chr8	20750000	21000000	P5_INV	1|1	0.563992	3|1	0.223807	3|1	0.212202
chr8	21250000	21500000	P5_DCIS	1|1	0.321431	2|2	0.396043	2|2	0.282526
chr8	21250000	21500000	P5_INV	1|1	0.563992	2|2	0.223807	2|2	0.212202
chr8	21500000	21750000	P5_DCIS	1|1	0.321431	3|2	0.396043	3|2	0.282526
chr8	21500000	21750000	P5_INV	1|1	0.563992	3|2	0.223807	3|2	0.212202
chr8	21750000	22500000	P5_DCIS	1|1	0.321431	3|1	0.396043	3|1	0.282526
chr8	21750000	22500000	P5_INV	1|1	0.563992	3|1	0.223807	3|1	0.212202
chr8	22500000	23000000	P5_DCIS	1|1	0.321431	5|1	0.396043	3|1	0.282526
chr8	22500000	23000000	P5_INV	1|1	0.563992	5|1	0.223807	3|1	0.212202
chr8	23000000	23750000	P5_DCIS	1|1	0.321431	3|1	0.396043	3|1	0.282526
chr8	23000000	23750000	P5_INV	1|1	0.563992	3|1	0.223807	3|1	0.212202
chr8	24000000	24250000	P5_DCIS	1|1	0.321431	3|1	0.396043	3|1	0.282526
chr8	24000000	24250000	P5_INV	1|1	0.563992	3|1	0.223807	3|1	0.212202
chr8	24250000	24500000	P5_DCIS	1|1	0.321431	2|1	0.396043	2|1	0.282526
chr8	24250000	24500000	P5_INV	1|1	0.563992	2|1	0.223807	2|1	0.212202
chr8	25000000	25500000	P5_DCIS	1|1	0.321431	3|1	0.396043	3|1	0.282526
chr8	25000000	25500000	P5_INV	1|1	0.563992	3|1	0.223807	3|1	0.212202
chr8	25750000	26000000	P5_DCIS	1|1	0.321431	2|1	0.396043	5|0	0.282526
chr8	25750000	26000000	P5_INV	1|1	0.563992	2|1	0.223807	5|0	0.212202
chr8	26000000	29000000	P5_DCIS	1|1	0.321431	3|1	0.396043	3|1	0.282526
chr8	26000000	29000000	P5_INV	1|1	0.563992	3|1	0.223807	3|1	0.212202
chr8	29000000	29250000	P5_DCIS	1|1	0.321431	2|1	0.396043	2|1	0.282526
chr8	29000000	29250000	P5_INV	1|1	0.563992	2|1	0.223807	2|1	0.212202
chr8	29750000	30000000	P5_DCIS	1|1	0.321431	3|1	0.396043	3|1	0.282526
chr8	29750000	30000000	P5_INV	1|1	0.563992	3|1	0.223807	3|1	0.212202
chr8	30000000	30250000	P5_DCIS	1|1	0.321431	2|1	0.396043	5|0	0.282526
chr8	30000000	30250000	P5_INV	1|1	0.563992	2|1	0.223807	5|0	0.212202
chr8	30250000	30750000	P5_DCIS	1|1	0.321431	3|1	0.396043	3|1	0.282526
chr8	30250000	30750000	P5_INV	1|1	0.563992	3|1	0.223807	3|1	0.212202
chr8	30750000	31000000	P5_DCIS	1|1	0.321431	2|1	0.396043	2|1	0.282526
chr8	30750000	31000000	P5_INV	1|1	0.563992	2|1	0.223807	2|1	0.212202
chr8	31000000	31250000	P5_DCIS	1|1	0.321431	3|1	0.396043	3|1	0.282526
chr8	31000000	31250000	P5_INV	1|1	0.563992	3|1	0.223807	3|1	0.212202
chr8	32500000	32750000	P5_DCIS	1|1	0.321431	2|1	0.396043	2|1	0.282526
chr8	32500000	32750000	P5_INV	1|1	0.563992	2|1	0.223807	2|1	0.212202
chr8	36500000	36750000	P5_DCIS	1|1	0.321431	3|1	0.396043	3|1	0.282526
chr8	36500000	36750000	P5_INV	1|1	0.563992	3|1	0.223807	3|1	0.212202
chr8	37500000	37750000	P5_DCIS	1|1	0.321431	5|1	0.396043	3|1	0.282526
chr8	37500000	37750000	P5_INV	1|1	0.563992	5|1	0.223807	3|1	0.212202
chr8	37750000	38500000	P5_DCIS	1|1	0.321431	3|1	0.396043	3|1	0.282526
chr8	37750000	38500000	P5_INV	1|1	0.563992	3|1	0.223807	3|1	0.212202
chr8	38750000	39000000	P5_DCIS	1|1	0.321431	5|2	0.396043	2|2	0.282526
chr8	38750000	39000000	P5_INV	1|1	0.563992	5|2	0.223807	2|2	0.212202
chr8	39000000	39250000	P5_DCIS	1|1	0.321431	4|4	0.396043	2|2	0.282526
chr8	39000000	39250000	P5_INV	1|1	0.563992	4|4	0.223807	2|2	0.212202
chr8	39500000	40000000	P5_DCIS	1|1	0.321431	3|1	0.396043	3|1	0.282526
chr8	39500000	40000000	P5_INV	1|1	0.563992	3|1	0.223807	3|1	0.212202
chr8	41250000	43000000	P5_DCIS	1|1	0.321431	3|1	0.396043	3|1	0.282526
chr8	41250000	43000000	P5_INV	1|1	0.563992	3|1	0.223807	3|1	0.212202
chr8	43000000	43250000	P5_DCIS	1|1	0.321431	3|2	0.396043	3|2	0.282526
chr8	43000000	43250000	P5_INV	1|1	0.563992	3|2	0.223807	3|2	0.212202
chr8	43250000	43500000	P5_DCIS	1|1	0.321431	2|1	0.396043	5|0	0.282526
chr8	43250000	43500000	P5_INV	1|1	0.563992	2|1	0.223807	5|0	0.212202
chr8	43750000	44000000	P5_DCIS	1|1	0.321431	2|2	0.396043	6|2	0.282526
chr8	43750000	44000000	P5_INV	1|1	0.563992	2|2	0.223807	6|2	0.212202
chr8	46750000	47000000	P5_DCIS	1|1	0.321431	2|2	0.396043	6|2	0.282526
chr8	46750000	47000000	P5_INV	1|1	0.563992	2|2	0.223807	6|2	0.212202
chr8	47500000	47750000	P5_DCIS	1|1	0.321431	7|4	0.396043	3|2	0.282526
chr8	47500000	47750000	P5_INV	1|1	0.563992	7|4	0.223807	3|2	0.212202
chr8	47750000	48000000	P5_DCIS	1|1	0.321431	3|2	0.396043	3|2	0.282526
chr8	47750000	48000000	P5_INV	1|1	0.563992	3|2	0.223807	3|2	0.212202
chr8	48000000	48250000	P5_DCIS	1|1	0.321431	8|2	0.396043	2|2	0.282526
chr8	48000000	48250000	P5_INV	1|1	0.563992	8|2	0.223807	2|2	0.212202
chr8	48250000	48500000	P5_DCIS	1|1	0.321431	5|2	0.396043	2|2	0.282526
chr8	48250000	48500000	P5_INV	1|1	0.563992	5|2	0.223807	2|2	0.212202
chr8	48500000	49250000	P5_DCIS	1|1	0.321431	7|4	0.396043	3|2	0.282526
chr8	48500000	49250000	P5_INV	1|1	0.563992	7|4	0.223807	3|2	0.212202
chr8	49500000	50000000	P5_DCIS	1|1	0.321431	3|2	0.396043	3|2	0.282526
chr8	49500000	50000000	P5_INV	1|1	0.563992	3|2	0.223807	3|2	0.212202
chr8	50500000	50750000	P5_DCIS	1|1	0.321431	5|2	0.396043	4|2	0.282526
chr8	50500000	50750000	P5_INV	1|1	0.563992	5|2	0.223807	4|2	0.212202
chr8	51250000	51750000	P5_DCIS	1|1	0.321431	3|2	0.396043	3|2	0.282526
chr8	51250000	51750000	P5_INV	1|1	0.563992	3|2	0.223807	3|2	0.212202
chr8	51750000	52000000	P5_DCIS	1|1	0.321431	5|2	0.396043	4|2	0.282526
chr8	51750000	52000000	P5_INV	1|1	0.563992	5|2	0.223807	4|2	0.212202
chr8	52250000	52500000	P5_DCIS	1|1	0.321431	3|2	0.396043	3|2	0.282526
chr8	52250000	52500000	P5_INV	1|1	0.563992	3|2	0.223807	3|2	0.212202
chr8	52500000	52750000	P5_DCIS	1|1	0.321431	8|2	0.396043	2|2	0.282526
chr8	52500000	52750000	P5_INV	1|1	0.563992	8|2	0.223807	2|2	0.212202
chr8	52750000	53000000	P5_DCIS	1|1	0.321431	7|4	0.396043	3|2	0.282526
chr8	52750000	53000000	P5_INV	1|1	0.563992	7|4	0.223807	3|2	0.212202
chr8	53000000	53250000	P5_DCIS	1|1	0.321431	3|2	0.396043	3|2	0.282526
chr8	53000000	53250000	P5_INV	1|1	0.563992	3|2	0.223807	3|2	0.212202
chr8	53500000	53750000	P5_DCIS	1|1	0.321431	3|2	0.396043	3|2	0.282526
chr8	53500000	53750000	P5_INV	1|1	0.563992	3|2	0.223807	3|2	0.212202
chr8	53750000	54000000	P5_DCIS	1|1	0.321431	8|2	0.396043	2|2	0.282526
chr8	53750000	54000000	P5_INV	1|1	0.563992	8|2	0.223807	2|2	0.212202
chr8	54000000	54250000	P5_DCIS	1|1	0.321431	3|2	0.396043	3|2	0.282526
chr8	54000000	54250000	P5_INV	1|1	0.563992	3|2	0.223807	3|2	0.212202
chr8	54250000	54500000	P5_DCIS	1|1	0.321431	5|2	0.396043	4|2	0.282526
chr8	54250000	54500000	P5_INV	1|1	0.563992	5|2	0.223807	4|2	0.212202
chr8	54750000	55000000	P5_DCIS	1|1	0.321431	9|3	0.396043	10|2	0.282526
chr8	54750000	55000000	P5_INV	1|1	0.563992	9|3	0.223807	10|2	0.212202
chr8	55000000	55250000	P5_DCIS	1|1	0.321431	7|4	0.396043	3|2	0.282526
chr8	55000000	55250000	P5_INV	1|1	0.563992	7|4	0.223807	3|2	0.212202
chr8	55500000	55750000	P5_DCIS	1|1	0.321431	7|4	0.396043	3|2	0.282526
chr8	55500000	55750000	P5_INV	1|1	0.563992	7|4	0.223807	3|2	0.212202
chr8	56250000	56500000	P5_DCIS	1|1	0.321431	7|4	0.396043	3|2	0.282526
chr8	56250000	56500000	P5_INV	1|1	0.563992	7|4	0.223807	3|2	0.212202
chr8	56500000	56750000	P5_DCIS	1|1	0.321431	9|3	0.396043	10|2	0.282526
chr8	56500000	56750000	P5_INV	1|1	0.563992	9|3	0.223807	10|2	0.212202
chr8	57000000	57250000	P5_DCIS	1|1	0.321431	8|2	0.396043	2|2	0.282526
chr8	57000000	57250000	P5_INV	1|1	0.563992	8|2	0.223807	2|2	0.212202
chr8	57250000	57500000	P5_DCIS	1|1	0.321431	7|4	0.396043	3|2	0.282526
chr8	57250000	57500000	P5_INV	1|1	0.563992	7|4	0.223807	3|2	0.212202
chr8	59250000	59750000	P5_DCIS	1|1	0.321431	7|4	0.396043	3|2	0.282526
chr8	59250000	59750000	P5_INV	1|1	0.563992	7|4	0.223807	3|2	0.212202
chr8	59750000	60000000	P5_DCIS	1|1	0.321431	8|2	0.396043	2|2	0.282526
chr8	59750000	60000000	P5_INV	1|1	0.563992	8|2	0.223807	2|2	0.212202
chr8	61250000	62750000	P5_DCIS	1|1	0.321431	7|4	0.396043	3|2	0.282526
chr8	61250000	62750000	P5_INV	1|1	0.563992	7|4	0.223807	3|2	0.212202
chr8	63750000	64000000	P5_DCIS	1|1	0.321431	7|4	0.396043	3|2	0.282526
chr8	63750000	64000000	P5_INV	1|1	0.563992	7|4	0.223807	3|2	0.212202
chr8	64000000	64250000	P5_DCIS	1|1	0.321431	5|0	0.396043	8|2	0.282526
chr8	64000000	64250000	P5_INV	1|1	0.563992	5|0	0.223807	8|2	0.212202
chr8	65250000	65500000	P5_DCIS	1|1	0.321431	5|0	0.396043	8|2	0.282526
chr8	65250000	65500000	P5_INV	1|1	0.563992	5|0	0.223807	8|2	0.212202
chr8	65500000	65750000	P5_DCIS	1|1	0.321431	7|4	0.396043	3|2	0.282526
chr8	65500000	65750000	P5_INV	1|1	0.563992	7|4	0.223807	3|2	0.212202
chr8	66500000	66750000	P5_DCIS	1|1	0.321431	9|2	0.396043	2|4	0.282526
chr8	66500000	66750000	P5_INV	1|1	0.563992	9|2	0.223807	2|4	0.212202
chr8	67250000	68250000	P5_DCIS	1|1	0.321431	7|4	0.396043	3|2	0.282526
chr8	67250000	68250000	P5_INV	1|1	0.563992	7|4	0.223807	3|2	0.212202
chr8	68500000	68750000	P5_DCIS	1|1	0.321431	4|4	0.396043	4|3	0.282526
chr8	68500000	68750000	P5_INV	1|1	0.563992	4|4	0.223807	4|3	0.212202
chr8	68750000	69000000	P5_DCIS	1|1	0.321431	7|4	0.396043	3|2	0.282526
chr8	68750000	69000000	P5_INV	1|1	0.563992	7|4	0.223807	3|2	0.212202
chr8	69000000	69250000	P5_DCIS	1|1	0.321431	8|2	0.396043	2|2	0.282526
chr8	69000000	69250000	P5_INV	1|1	0.563992	8|2	0.223807	2|2	0.212202
chr8	69250000	69750000	P5_DCIS	1|1	0.321431	7|4	0.396043	3|2	0.282526
chr8	69250000	69750000	P5_INV	1|1	0.563992	7|4	0.223807	3|2	0.212202
chr8	70000000	71250000	P5_DCIS	1|1	0.321431	7|4	0.396043	3|2	0.282526
chr8	70000000	71250000	P5_INV	1|1	0.563992	7|4	0.223807	3|2	0.212202
chr8	71500000	71750000	P5_DCIS	1|1	0.321431	7|4	0.396043	3|2	0.282526
chr8	71500000	71750000	P5_INV	1|1	0.563992	7|4	0.223807	3|2	0.212202
chr8	72000000	72250000	P5_DCIS	1|1	0.321431	7|4	0.396043	3|2	0.282526
chr8	72000000	72250000	P5_INV	1|1	0.563992	7|4	0.223807	3|2	0.212202
chr8	72750000	73250000	P5_DCIS	1|1	0.321431	7|4	0.396043	3|2	0.282526
chr8	72750000	73250000	P5_INV	1|1	0.563992	7|4	0.223807	3|2	0.212202
chr8	73750000	74000000	P5_DCIS	1|1	0.321431	9|3	0.396043	10|2	0.282526
chr8	73750000	74000000	P5_INV	1|1	0.563992	9|3	0.223807	10|2	0.212202
chr8	74000000	74250000	P5_DCIS	1|1	0.321431	5|2	0.396043	4|2	0.282526
chr8	74000000	74250000	P5_INV	1|1	0.563992	5|2	0.223807	4|2	0.212202
chr8	74750000	75000000	P5_DCIS	1|1	0.321431	7|4	0.396043	3|2	0.282526
chr8	74750000	75000000	P5_INV	1|1	0.563992	7|4	0.223807	3|2	0.212202
chr8	75000000	75250000	P5_DCIS	1|1	0.321431	9|2	0.396043	2|4	0.282526
chr8	75000000	75250000	P5_INV	1|1	0.563992	9|2	0.223807	2|4	0.212202
chr8	75500000	75750000	P5_DCIS	1|1	0.321431	5|2	0.396043	4|2	0.282526
chr8	75500000	75750000	P5_INV	1|1	0.563992	5|2	0.223807	4|2	0.212202
chr8	75750000	76000000	P5_DCIS	1|1	0.321431	8|2	0.396043	2|2	0.282526
chr8	75750000	76000000	P5_INV	1|1	0.563992	8|2	0.223807	2|2	0.212202
chr8	76500000	76750000	P5_DCIS	1|1	0.321431	7|4	0.396043	3|2	0.282526
chr8	76500000	76750000	P5_INV	1|1	0.563992	7|4	0.223807	3|2	0.212202
chr8	77500000	77750000	P5_DCIS	1|1	0.321431	3|2	0.396043	3|2	0.282526
chr8	77500000	77750000	P5_INV	1|1	0.563992	3|2	0.223807	3|2	0.212202
chr8	77750000	78000000	P5_DCIS	1|1	0.321431	7|4	0.396043	3|2	0.282526
chr8	77750000	78000000	P5_INV	1|1	0.563992	7|4	0.223807	3|2	0.212202
chr8	79500000	79750000	P5_DCIS	1|1	0.321431	7|4	0.396043	3|2	0.282526
chr8	79500000	79750000	P5_INV	1|1	0.563992	7|4	0.223807	3|2	0.212202
chr8	80250000	80500000	P5_DCIS	1|1	0.321431	5|2	0.396043	4|2	0.282526
chr8	80250000	80500000	P5_INV	1|1	0.563992	5|2	0.223807	4|2	0.212202
chr8	80500000	81000000	P5_DCIS	1|1	0.321431	7|4	0.396043	3|2	0.282526
chr8	80500000	81000000	P5_INV	1|1	0.563992	7|4	0.223807	3|2	0.212202
chr8	81000000	81250000	P5_DCIS	1|1	0.321431	9|2	0.396043	2|4	0.282526
chr8	81000000	81250000	P5_INV	1|1	0.563992	9|2	0.223807	2|4	0.212202
chr8	81250000	81500000	P5_DCIS	1|1	0.321431	7|4	0.396043	3|2	0.282526
chr8	81250000	81500000	P5_INV	1|1	0.563992	7|4	0.223807	3|2	0.212202
chr8	81750000	82000000	P5_DCIS	1|1	0.321431	7|4	0.396043	3|2	0.282526
chr8	81750000	82000000	P5_INV	1|1	0.563992	7|4	0.223807	3|2	0.212202
chr8	82250000	82750000	P5_DCIS	1|1	0.321431	7|4	0.396043	3|2	0.282526
chr8	82250000	82750000	P5_INV	1|1	0.563992	7|4	0.223807	3|2	0.212202
chr8	82750000	83000000	P5_DCIS	1|1	0.321431	9|2	0.396043	2|4	0.282526
chr8	82750000	83000000	P5_INV	1|1	0.563992	9|2	0.223807	2|4	0.212202
chr8	84000000	84250000	P5_DCIS	1|1	0.321431	5|2	0.396043	4|2	0.282526
chr8	84000000	84250000	P5_INV	1|1	0.563992	5|2	0.223807	4|2	0.212202
chr8	84250000	84500000	P5_DCIS	1|1	0.321431	11|1	0.396043	12|0	0.282526
chr8	84250000	84500000	P5_INV	1|1	0.563992	11|1	0.223807	12|0	0.212202
chr8	84500000	84750000	P5_DCIS	1|1	0.321431	4|4	0.396043	10|2	0.282526
chr8	84500000	84750000	P5_INV	1|1	0.563992	4|4	0.223807	10|2	0.212202
chr8	85000000	85250000	P5_DCIS	1|1	0.321431	9|3	0.396043	10|2	0.282526
chr8	85000000	85250000	P5_INV	1|1	0.563992	9|3	0.223807	10|2	0.212202
chr8	85500000	85750000	P5_DCIS	1|1	0.321431	8|2	0.396043	2|2	0.282526
chr8	85500000	85750000	P5_INV	1|1	0.563992	8|2	0.223807	2|2	0.212202
chr8	85750000	86000000	P5_DCIS	1|1	0.321431	7|4	0.396043	3|2	0.282526
chr8	85750000	86000000	P5_INV	1|1	0.563992	7|4	0.223807	3|2	0.212202
chr8	86000000	86250000	P5_DCIS	1|1	0.321431	9|3	0.396043	10|2	0.282526
chr8	86000000	86250000	P5_INV	1|1	0.563992	9|3	0.223807	10|2	0.212202
chr8	86500000	86750000	P5_DCIS	1|1	0.321431	4|4	0.396043	4|3	0.282526
chr8	86500000	86750000	P5_INV	1|1	0.563992	4|4	0.223807	4|3	0.212202
chr8	87000000	88000000	P5_DCIS	1|1	0.321431	9|3	0.396043	10|2	0.282526
chr8	87000000	88000000	P5_INV	1|1	0.563992	9|3	0.223807	10|2	0.212202
chr8	88250000	88500000	P5_DCIS	1|1	0.321431	11|1	0.396043	12|0	0.282526
chr8	88250000	88500000	P5_INV	1|1	0.563992	11|1	0.223807	12|0	0.212202
chr8	88750000	89000000	P5_DCIS	1|1	0.321431	11|1	0.396043	12|0	0.282526
chr8	88750000	89000000	P5_INV	1|1	0.563992	11|1	0.223807	12|0	0.212202
chr8	89250000	89500000	P5_DCIS	1|1	0.321431	9|3	0.396043	10|2	0.282526
chr8	89250000	89500000	P5_INV	1|1	0.563992	9|3	0.223807	10|2	0.212202
chr8	90500000	90750000	P5_DCIS	1|1	0.321431	11|1	0.396043	12|0	0.282526
chr8	90500000	90750000	P5_INV	1|1	0.563992	11|1	0.223807	12|0	0.212202
chr8	90750000	91250000	P5_DCIS	1|1	0.321431	9|3	0.396043	10|2	0.282526
chr8	90750000	91250000	P5_INV	1|1	0.563992	9|3	0.223807	10|2	0.212202
chr8	91750000	92500000	P5_DCIS	1|1	0.321431	9|3	0.396043	10|2	0.282526
chr8	91750000	92500000	P5_INV	1|1	0.563992	9|3	0.223807	10|2	0.212202
chr8	92750000	93000000	P5_DCIS	1|1	0.321431	4|4	0.396043	10|2	0.282526
chr8	92750000	93000000	P5_INV	1|1	0.563992	4|4	0.223807	10|2	0.212202
chr8	93250000	93500000	P5_DCIS	1|1	0.321431	11|1	0.396043	12|0	0.282526
chr8	93250000	93500000	P5_INV	1|1	0.563992	11|1	0.223807	12|0	0.212202
chr8	94500000	96250000	P5_DCIS	1|1	0.321431	9|3	0.396043	10|2	0.282526
chr8	94500000	96250000	P5_INV	1|1	0.563992	9|3	0.223807	10|2	0.212202
chr8	96750000	97000000	P5_DCIS	1|1	0.321431	4|4	0.396043	10|2	0.282526
chr8	96750000	97000000	P5_INV	1|1	0.563992	4|4	0.223807	10|2	0.212202
chr8	97000000	97250000	P5_DCIS	1|1	0.321431	7|4	0.396043	3|2	0.282526
chr8	97000000	97250000	P5_INV	1|1	0.563992	7|4	0.223807	3|2	0.212202
chr8	97250000	97500000	P5_DCIS	1|1	0.321431	9|3	0.396043	10|2	0.282526
chr8	97250000	97500000	P5_INV	1|1	0.563992	9|3	0.223807	10|2	0.212202
chr8	97750000	98000000	P5_DCIS	1|1	0.321431	11|1	0.396043	12|0	0.282526
chr8	97750000	98000000	P5_INV	1|1	0.563992	11|1	0.223807	12|0	0.212202
chr8	98500000	98750000	P5_DCIS	1|1	0.321431	11|1	0.396043	12|0	0.282526
chr8	98500000	98750000	P5_INV	1|1	0.563992	11|1	0.223807	12|0	0.212202
chr8	98750000	99250000	P5_DCIS	1|1	0.321431	9|3	0.396043	10|2	0.282526
chr8	98750000	99250000	P5_INV	1|1	0.563992	9|3	0.223807	10|2	0.212202
chr8	99750000	100000000	P5_DCIS	1|1	0.321431	11|1	0.396043	12|0	0.282526
chr8	99750000	100000000	P5_INV	1|1	0.563992	11|1	0.223807	12|0	0.212202
chr8	100000000	101750000	P5_DCIS	1|1	0.321431	9|3	0.396043	10|2	0.282526
chr8	100000000	101750000	P5_INV	1|1	0.563992	9|3	0.223807	10|2	0.212202
chr8	102250000	102750000	P5_DCIS	1|1	0.321431	9|3	0.396043	10|2	0.282526
chr8	102250000	102750000	P5_INV	1|1	0.563992	9|3	0.223807	10|2	0.212202
chr8	103000000	105000000	P5_DCIS	1|1	0.321431	9|3	0.396043	10|2	0.282526
chr8	103000000	105000000	P5_INV	1|1	0.563992	9|3	0.223807	10|2	0.212202
chr8	105000000	105250000	P5_DCIS	1|1	0.321431	4|4	0.396043	10|2	0.282526
chr8	105000000	105250000	P5_INV	1|1	0.563992	4|4	0.223807	10|2	0.212202
chr8	105250000	105500000	P5_DCIS	1|1	0.321431	9|3	0.396043	10|2	0.282526
chr8	105250000	105500000	P5_INV	1|1	0.563992	9|3	0.223807	10|2	0.212202
chr8	106500000	106750000	P5_DCIS	1|1	0.321431	4|4	0.396043	10|2	0.282526
chr8	106500000	106750000	P5_INV	1|1	0.563992	4|4	0.223807	10|2	0.212202
chr8	106750000	107000000	P5_DCIS	1|1	0.321431	9|3	0.396043	10|2	0.282526
chr8	106750000	107000000	P5_INV	1|1	0.563992	9|3	0.223807	10|2	0.212202
chr8	107250000	107500000	P5_DCIS	1|1	0.321431	3|2	0.396043	3|2	0.282526
chr8	107250000	107500000	P5_INV	1|1	0.563992	3|2	0.223807	3|2	0.212202
chr8	107500000	107750000	P5_DCIS	1|1	0.321431	5|2	0.396043	4|2	0.282526
chr8	107500000	107750000	P5_INV	1|1	0.563992	5|2	0.223807	4|2	0.212202
chr8	107750000	108000000	P5_DCIS	1|1	0.321431	7|4	0.396043	3|2	0.282526
chr8	107750000	108000000	P5_INV	1|1	0.563992	7|4	0.223807	3|2	0.212202
chr8	108000000	108250000	P5_DCIS	1|1	0.321431	5|2	0.396043	4|2	0.282526
chr8	108000000	108250000	P5_INV	1|1	0.563992	5|2	0.223807	4|2	0.212202
chr8	108250000	108500000	P5_DCIS	1|1	0.321431	9|2	0.396043	2|4	0.282526
chr8	108250000	108500000	P5_INV	1|1	0.563992	9|2	0.223807	2|4	0.212202
chr8	108500000	108750000	P5_DCIS	1|1	0.321431	3|2	0.396043	3|2	0.282526
chr8	108500000	108750000	P5_INV	1|1	0.563992	3|2	0.223807	3|2	0.212202
chr8	108750000	109500000	P5_DCIS	1|1	0.321431	7|4	0.396043	3|2	0.282526
chr8	108750000	109500000	P5_INV	1|1	0.563992	7|4	0.223807	3|2	0.212202
chr8	110250000	110750000	P5_DCIS	1|1	0.321431	7|4	0.396043	3|2	0.282526
chr8	110250000	110750000	P5_INV	1|1	0.563992	7|4	0.223807	3|2	0.212202
chr8	113000000	113250000	P5_DCIS	1|1	0.321431	8|2	0.396043	2|2	0.282526
chr8	113000000	113250000	P5_INV	1|1	0.563992	8|2	0.223807	2|2	0.212202
chr8	113250000	113750000	P5_DCIS	1|1	0.321431	3|2	0.396043	3|2	0.282526
chr8	113250000	113750000	P5_INV	1|1	0.563992	3|2	0.223807	3|2	0.212202
chr8	113750000	114000000	P5_DCIS	1|1	0.321431	2|2	0.396043	6|1	0.282526
chr8	113750000	114000000	P5_INV	1|1	0.563992	2|2	0.223807	6|1	0.212202
chr8	114000000	114250000	P5_DCIS	1|1	0.321431	2|2	0.396043	5|2	0.282526
chr8	114000000	114250000	P5_INV	1|1	0.563992	2|2	0.223807	5|2	0.212202
chr8	114250000	114500000	P5_DCIS	1|1	0.321431	3|2	0.396043	3|2	0.282526
chr8	114250000	114500000	P5_INV	1|1	0.563992	3|2	0.223807	3|2	0.212202
chr8	117750000	118250000	P5_DCIS	1|1	0.321431	7|4	0.396043	3|2	0.282526
chr8	117750000	118250000	P5_INV	1|1	0.563992	7|4	0.223807	3|2	0.212202
chr8	118500000	118750000	P5_DCIS	1|1	0.321431	4|4	0.396043	4|3	0.282526
chr8	118500000	118750000	P5_INV	1|1	0.563992	4|4	0.223807	4|3	0.212202
chr8	118750000	119000000	P5_DCIS	1|1	0.321431	7|4	0.396043	3|2	0.282526
chr8	118750000	119000000	P5_INV	1|1	0.563992	7|4	0.223807	3|2	0.212202
chr8	119250000	119500000	P5_DCIS	1|1	0.321431	7|4	0.396043	3|2	0.282526
chr8	119250000	119500000	P5_INV	1|1	0.563992	7|4	0.223807	3|2	0.212202
chr8	119750000	120250000	P5_DCIS	1|1	0.321431	7|4	0.396043	3|2	0.282526
chr8	119750000	120250000	P5_INV	1|1	0.563992	7|4	0.223807	3|2	0.212202
chr8	120500000	120750000	P5_DCIS	1|1	0.321431	4|4	0.396043	4|3	0.282526
chr8	120500000	120750000	P5_INV	1|1	0.563992	4|4	0.223807	4|3	0.212202
chr8	120750000	121000000	P5_DCIS	1|1	0.321431	7|4	0.396043	3|2	0.282526
chr8	120750000	121000000	P5_INV	1|1	0.563992	7|4	0.223807	3|2	0.212202
chr8	121000000	121500000	P5_DCIS	1|1	0.321431	4|4	0.396043	2|2	0.282526
chr8	121000000	121500000	P5_INV	1|1	0.563992	4|4	0.223807	2|2	0.212202
chr8	123750000	124750000	P5_DCIS	1|1	0.321431	7|4	0.396043	3|2	0.282526
chr8	123750000	124750000	P5_INV	1|1	0.563992	7|4	0.223807	3|2	0.212202
chr8	125000000	125750000	P5_DCIS	1|1	0.321431	7|4	0.396043	3|2	0.282526
chr8	125000000	125750000	P5_INV	1|1	0.563992	7|4	0.223807	3|2	0.212202
chr8	126000000	126500000	P5_DCIS	1|1	0.321431	7|4	0.396043	3|2	0.282526
chr8	126000000	126500000	P5_INV	1|1	0.563992	7|4	0.223807	3|2	0.212202
chr8	127000000	127250000	P5_DCIS	1|1	0.321431	5|2	0.396043	4|2	0.282526
chr8	127000000	127250000	P5_INV	1|1	0.563992	5|2	0.223807	4|2	0.212202
chr8	128000000	128250000	P5_DCIS	1|1	0.321431	7|4	0.396043	3|2	0.282526
chr8	128000000	128250000	P5_INV	1|1	0.563992	7|4	0.223807	3|2	0.212202
chr8	128500000	128750000	P5_DCIS	1|1	0.321431	9|2	0.396043	2|4	0.282526
chr8	128500000	128750000	P5_INV	1|1	0.563992	9|2	0.223807	2|4	0.212202
chr8	128750000	129000000	P5_DCIS	1|1	0.321431	8|2	0.396043	2|2	0.282526
chr8	128750000	129000000	P5_INV	1|1	0.563992	8|2	0.223807	2|2	0.212202
chr8	129000000	129250000	P5_DCIS	1|1	0.321431	7|4	0.396043	3|2	0.282526
chr8	129000000	129250000	P5_INV	1|1	0.563992	7|4	0.223807	3|2	0.212202
chr8	129500000	129750000	P5_DCIS	1|1	0.321431	3|2	0.396043	3|2	0.282526
chr8	129500000	129750000	P5_INV	1|1	0.563992	3|2	0.223807	3|2	0.212202
chr8	130750000	131250000	P5_DCIS	1|1	0.321431	7|4	0.396043	3|2	0.282526
chr8	130750000	131250000	P5_INV	1|1	0.563992	7|4	0.223807	3|2	0.212202
chr8	131750000	132000000	P5_DCIS	1|1	0.321431	3|2	0.396043	3|2	0.282526
chr8	131750000	132000000	P5_INV	1|1	0.563992	3|2	0.223807	3|2	0.212202
chr8	133000000	133250000	P5_DCIS	1|1	0.321431	7|4	0.396043	3|2	0.282526
chr8	133000000	133250000	P5_INV	1|1	0.563992	7|4	0.223807	3|2	0.212202
chr8	133500000	133750000	P5_DCIS	1|1	0.321431	3|2	0.396043	3|2	0.282526
chr8	133500000	133750000	P5_INV	1|1	0.563992	3|2	0.223807	3|2	0.212202
chr8	133750000	134500000	P5_DCIS	1|1	0.321431	7|4	0.396043	3|2	0.282526
chr8	133750000	134500000	P5_INV	1|1	0.563992	7|4	0.223807	3|2	0.212202
chr8	135500000	135750000	P5_DCIS	1|1	0.321431	7|4	0.396043	3|2	0.282526
chr8	135500000	135750000	P5_INV	1|1	0.563992	7|4	0.223807	3|2	0.212202
chr8	139000000	139250000	P5_DCIS	1|1	0.321431	3|2	0.396043	3|2	0.282526
chr8	139000000	139250000	P5_INV	1|1	0.563992	3|2	0.223807	3|2	0.212202
chr8	139500000	140000000	P5_DCIS	1|1	0.321431	3|2	0.396043	3|2	0.282526
chr8	139500000	140000000	P5_INV	1|1	0.563992	3|2	0.223807	3|2	0.212202
chr8	141000000	141500000	P5_DCIS	1|1	0.321431	7|4	0.396043	3|2	0.282526
chr8	141000000	141500000	P5_INV	1|1	0.563992	7|4	0.223807	3|2	0.212202
chr8	141500000	141750000	P5_DCIS	1|1	0.321431	4|4	0.396043	4|3	0.282526
chr8	141500000	141750000	P5_INV	1|1	0.563992	4|4	0.223807	4|3	0.212202
chr8	142000000	142250000	P5_DCIS	1|1	0.321431	7|4	0.396043	3|2	0.282526
chr8	142000000	142250000	P5_INV	1|1	0.563992	7|4	0.223807	3|2	0.212202
chr8	142250000	142500000	P5_DCIS	1|1	0.321431	4|4	0.396043	2|2	0.282526
chr8	142250000	142500000	P5_INV	1|1	0.563992	4|4	0.223807	2|2	0.212202
chr8	142500000	142750000	P5_DCIS	1|1	0.321431	7|4	0.396043	3|2	0.282526
chr8	142500000	142750000	P5_INV	1|1	0.563992	7|4	0.223807	3|2	0.212202
chr8	143000000	143750000	P5_DCIS	1|1	0.321431	7|4	0.396043	3|2	0.282526
chr8	143000000	143750000	P5_INV	1|1	0.563992	7|4	0.223807	3|2	0.212202
chr8	143750000	144000000	P5_DCIS	1|1	0.321431	4|4	0.396043	2|2	0.282526
chr8	143750000	144000000	P5_INV	1|1	0.563992	4|4	0.223807	2|2	0.212202
chr8	144000000	144500000	P5_DCIS	1|1	0.321431	7|4	0.396043	3|2	0.282526
chr8	144000000	144500000	P5_INV	1|1	0.563992	7|4	0.223807	3|2	0.212202
chr8	144500000	144750000	P5_DCIS	1|1	0.321431	4|4	0.396043	4|3	0.282526
chr8	144500000	144750000	P5_INV	1|1	0.563992	4|4	0.223807	4|3	0.212202
chr8	145500000	145750000	P5_DCIS	1|1	0.321431	2|2	0.396043	6|2	0.282526
chr8	145500000	145750000	P5_INV	1|1	0.563992	2|2	0.223807	6|2	0.212202
chr8	145750000	146250000	P5_DCIS	1|1	0.321431	7|4	0.396043	3|2	0.282526
chr8	145750000	146250000	P5_INV	1|1	0.563992	7|4	0.223807	3|2	0.212202
chr9	1	250000	P5_DCIS	1|1	0.321431	3|2	0.396043	3|2	0.282526
chr9	1	250000	P5_INV	1|1	0.563992	3|2	0.223807	3|2	0.212202
chr9	250000	1000000	P5_DCIS	1|1	0.321431	3|1	0.396043	3|1	0.282526
chr9	250000	1000000	P5_INV	1|1	0.563992	3|1	0.223807	3|1	0.212202
chr9	1000000	1250000	P5_DCIS	1|1	0.321431	2|1	0.396043	2|1	0.282526
chr9	1000000	1250000	P5_INV	1|1	0.563992	2|1	0.223807	2|1	0.212202
chr9	2000000	2250000	P5_DCIS	1|1	0.321431	3|1	0.396043	3|1	0.282526
chr9	2000000	2250000	P5_INV	1|1	0.563992	3|1	0.223807	3|1	0.212202
chr9	2500000	2750000	P5_DCIS	1|1	0.321431	2|1	0.396043	5|0	0.282526
chr9	2500000	2750000	P5_INV	1|1	0.563992	2|1	0.223807	5|0	0.212202
chr9	2750000	3000000	P5_DCIS	1|1	0.321431	3|1	0.396043	3|1	0.282526
chr9	2750000	3000000	P5_INV	1|1	0.563992	3|1	0.223807	3|1	0.212202
chr9	3250000	3500000	P5_DCIS	1|1	0.321431	2|1	0.396043	5|0	0.282526
chr9	3250000	3500000	P5_INV	1|1	0.563992	2|1	0.223807	5|0	0.212202
chr9	3750000	4000000	P5_DCIS	1|1	0.321431	3|1	0.396043	3|1	0.282526
chr9	3750000	4000000	P5_INV	1|1	0.563992	3|1	0.223807	3|1	0.212202
chr9	4250000	5000000	P5_DCIS	1|1	0.321431	3|1	0.396043	3|1	0.282526
chr9	4250000	5000000	P5_INV	1|1	0.563992	3|1	0.223807	3|1	0.212202
chr9	5250000	6000000	P5_DCIS	1|1	0.321431	3|1	0.396043	3|1	0.282526
chr9	5250000	6000000	P5_INV	1|1	0.563992	3|1	0.223807	3|1	0.212202
chr9	6000000	6250000	P5_DCIS	1|1	0.321431	2|1	0.396043	5|0	0.282526
chr9	6000000	6250000	P5_INV	1|1	0.563992	2|1	0.223807	5|0	0.212202
chr9	6250000	7250000	P5_DCIS	1|1	0.321431	3|1	0.396043	3|1	0.282526
chr9	6250000	7250000	P5_INV	1|1	0.563992	3|1	0.223807	3|1	0.212202
chr9	8250000	8750000	P5_DCIS	1|1	0.321431	3|1	0.396043	3|1	0.282526
chr9	8250000	8750000	P5_INV	1|1	0.563992	3|1	0.223807	3|1	0.212202
chr9	9000000	9250000	P5_DCIS	1|1	0.321431	2|1	0.396043	5|0	0.282526
chr9	9000000	9250000	P5_INV	1|1	0.563992	2|1	0.223807	5|0	0.212202
chr9	11000000	11250000	P5_DCIS	1|1	0.321431	3|2	0.396043	3|2	0.282526
chr9	11000000	11250000	P5_INV	1|1	0.563992	3|2	0.223807	3|2	0.212202
chr9	12250000	12750000	P5_DCIS	1|1	0.321431	3|1	0.396043	3|1	0.282526
chr9	12250000	12750000	P5_INV	1|1	0.563992	3|1	0.223807	3|1	0.212202
chr9	12750000	13250000	P5_DCIS	1|1	0.321431	2|1	0.396043	5|0	0.282526
chr9	12750000	13250000	P5_INV	1|1	0.563992	2|1	0.223807	5|0	0.212202
chr9	13750000	14250000	P5_DCIS	1|1	0.321431	3|1	0.396043	3|1	0.282526
chr9	13750000	14250000	P5_INV	1|1	0.563992	3|1	0.223807	3|1	0.212202
chr9	14500000	16000000	P5_DCIS	1|1	0.321431	3|1	0.396043	3|1	0.282526
chr9	14500000	16000000	P5_INV	1|1	0.563992	3|1	0.223807	3|1	0.212202
chr9	16250000	16500000	P5_DCIS	1|1	0.321431	2|2	0.396043	2|2	0.282526
chr9	16250000	16500000	P5_INV	1|1	0.563992	2|2	0.223807	2|2	0.212202
chr9	16750000	17000000	P5_DCIS	1|1	0.321431	2|1	0.396043	2|1	0.282526
chr9	16750000	17000000	P5_INV	1|1	0.563992	2|1	0.223807	2|1	0.212202
chr9	17000000	17750000	P5_DCIS	1|1	0.321431	3|1	0.396043	3|1	0.282526
chr9	17000000	17750000	P5_INV	1|1	0.563992	3|1	0.223807	3|1	0.212202
chr9	18500000	19750000	P5_DCIS	1|1	0.321431	3|1	0.396043	3|1	0.282526
chr9	18500000	19750000	P5_INV	1|1	0.563992	3|1	0.223807	3|1	0.212202
chr9	20250000	20500000	P5_DCIS	1|1	0.321431	3|1	0.396043	3|1	0.282526
chr9	20250000	20500000	P5_INV	1|1	0.563992	3|1	0.223807	3|1	0.212202
chr9	20750000	21500000	P5_DCIS	1|1	0.321431	3|1	0.396043	3|1	0.282526
chr9	20750000	21500000	P5_INV	1|1	0.563992	3|1	0.223807	3|1	0.212202
chr9	21500000	21750000	P5_DCIS	1|1	0.321431	2|1	0.396043	5|0	0.282526
chr9	21500000	21750000	P5_INV	1|1	0.563992	2|1	0.223807	5|0	0.212202
chr9	21750000	22000000	P5_DCIS	1|1	0.321431	3|1	0.396043	3|1	0.282526
chr9	21750000	22000000	P5_INV	1|1	0.563992	3|1	0.223807	3|1	0.212202
chr9	22000000	22250000	P5_DCIS	1|1	0.321431	2|1	0.396043	5|0	0.282526
chr9	22000000	22250000	P5_INV	1|1	0.563992	2|1	0.223807	5|0	0.212202
chr9	23500000	23750000	P5_DCIS	1|1	0.321431	3|1	0.396043	3|1	0.282526
chr9	23500000	23750000	P5_INV	1|1	0.563992	3|1	0.223807	3|1	0.212202
chr9	26750000	27750000	P5_DCIS	1|1	0.321431	3|1	0.396043	3|1	0.282526
chr9	26750000	27750000	P5_INV	1|1	0.563992	3|1	0.223807	3|1	0.212202
chr9	28000000	28250000	P5_DCIS	1|1	0.321431	2|1	0.396043	2|1	0.282526
chr9	28000000	28250000	P5_INV	1|1	0.563992	2|1	0.223807	2|1	0.212202
chr9	28750000	29000000	P5_DCIS	1|1	0.321431	2|1	0.396043	2|1	0.282526
chr9	28750000	29000000	P5_INV	1|1	0.563992	2|1	0.223807	2|1	0.212202
chr9	30500000	30750000	P5_DCIS	1|1	0.321431	3|1	0.396043	3|1	0.282526
chr9	30500000	30750000	P5_INV	1|1	0.563992	3|1	0.223807	3|1	0.212202
chr9	30750000	31000000	P5_DCIS	1|1	0.321431	2|2	0.396043	3|0	0.282526
chr9	30750000	31000000	P5_INV	1|1	0.563992	2|2	0.223807	3|0	0.212202
chr9	31250000	31500000	P5_DCIS	1|1	0.321431	3|1	0.396043	3|1	0.282526
chr9	31250000	31500000	P5_INV	1|1	0.563992	3|1	0.223807	3|1	0.212202
chr9	31750000	32000000	P5_DCIS	1|1	0.321431	2|1	0.396043	5|0	0.282526
chr9	31750000	32000000	P5_INV	1|1	0.563992	2|1	0.223807	5|0	0.212202
chr9	32250000	34500000	P5_DCIS	1|1	0.321431	3|1	0.396043	3|1	0.282526
chr9	32250000	34500000	P5_INV	1|1	0.563992	3|1	0.223807	3|1	0.212202
chr9	34500000	34750000	P5_DCIS	1|1	0.321431	5|1	0.396043	3|1	0.282526
chr9	34500000	34750000	P5_INV	1|1	0.563992	5|1	0.223807	3|1	0.212202
chr9	34750000	36750000	P5_DCIS	1|1	0.321431	3|1	0.396043	3|1	0.282526
chr9	34750000	36750000	P5_INV	1|1	0.563992	3|1	0.223807	3|1	0.212202
chr9	37000000	38000000	P5_DCIS	1|1	0.321431	3|1	0.396043	3|1	0.282526
chr9	37000000	38000000	P5_INV	1|1	0.563992	3|1	0.223807	3|1	0.212202
chr9	38250000	38750000	P5_DCIS	1|1	0.321431	3|1	0.396043	3|1	0.282526
chr9	38250000	38750000	P5_INV	1|1	0.563992	3|1	0.223807	3|1	0.212202
chr9	39000000	39250000	P5_DCIS	1|1	0.321431	3|1	0.396043	3|1	0.282526
chr9	39000000	39250000	P5_INV	1|1	0.563992	3|1	0.223807	3|1	0.212202
chr9	39250000	39500000	P5_DCIS	1|1	0.321431	2|1	0.396043	5|0	0.282526
chr9	39250000	39500000	P5_INV	1|1	0.563992	2|1	0.223807	5|0	0.212202
chr9	40500000	40750000	P5_DCIS	1|1	0.321431	3|2	0.396043	3|2	0.282526
chr9	40500000	40750000	P5_INV	1|1	0.563992	3|2	0.223807	3|2	0.212202
chr9	41750000	42000000	P5_DCIS	1|1	0.321431	3|2	0.396043	3|2	0.282526
chr9	41750000	42000000	P5_INV	1|1	0.563992	3|2	0.223807	3|2	0.212202
chr9	42250000	42500000	P5_DCIS	1|1	0.321431	4|4	0.396043	4|3	0.282526
chr9	42250000	42500000	P5_INV	1|1	0.563992	4|4	0.223807	4|3	0.212202
chr9	42750000	43000000	P5_DCIS	1|1	0.321431	2|1	0.396043	5|0	0.282526
chr9	42750000	43000000	P5_INV	1|1	0.563992	2|1	0.223807	5|0	0.212202
chr9	43000000	43250000	P5_DCIS	1|1	0.321431	4|4	0.396043	4|3	0.282526
chr9	43000000	43250000	P5_INV	1|1	0.563992	4|4	0.223807	4|3	0.212202
chr9	43250000	43500000	P5_DCIS	1|1	0.321431	2|2	0.396043	2|2	0.282526
chr9	43250000	43500000	P5_INV	1|1	0.563992	2|2	0.223807	2|2	0.212202
chr9	43500000	43750000	P5_DCIS	1|1	0.321431	3|1	0.396043	3|1	0.282526
chr9	43500000	43750000	P5_INV	1|1	0.563992	3|1	0.223807	3|1	0.212202
chr9	43750000	44000000	P5_DCIS	1|1	0.321431	3|2	0.396043	3|2	0.282526
chr9	43750000	44000000	P5_INV	1|1	0.563992	3|2	0.223807	3|2	0.212202
chr9	44000000	44250000	P5_DCIS	1|1	0.321431	3|1	0.396043	3|1	0.282526
chr9	44000000	44250000	P5_INV	1|1	0.563992	3|1	0.223807	3|1	0.212202
chr9	44750000	45000000	P5_DCIS	1|1	0.321431	2|2	0.396043	3|0	0.282526
chr9	44750000	45000000	P5_INV	1|1	0.563992	2|2	0.223807	3|0	0.212202
chr9	45000000	45250000	P5_DCIS	1|1	0.321431	2|1	0.396043	5|0	0.282526
chr9	45000000	45250000	P5_INV	1|1	0.563992	2|1	0.223807	5|0	0.212202
chr9	45250000	45500000	P5_DCIS	1|1	0.321431	5|2	0.396043	2|2	0.282526
chr9	45250000	45500000	P5_INV	1|1	0.563992	5|2	0.223807	2|2	0.212202
chr9	45500000	45750000	P5_DCIS	1|1	0.321431	5|1	0.396043	3|1	0.282526
chr9	45500000	45750000	P5_INV	1|1	0.563992	5|1	0.223807	3|1	0.212202
chr9	46000000	46250000	P5_DCIS	1|1	0.321431	2|2	0.396043	5|2	0.282526
chr9	46000000	46250000	P5_INV	1|1	0.563992	2|2	0.223807	5|2	0.212202
chr9	46750000	47000000	P5_DCIS	1|1	0.321431	2|1	0.396043	5|0	0.282526
chr9	46750000	47000000	P5_INV	1|1	0.563992	2|1	0.223807	5|0	0.212202
chr9	65500000	65750000	P5_DCIS	1|1	0.321431	2|1	0.396043	2|1	0.282526
chr9	65500000	65750000	P5_INV	1|1	0.563992	2|1	0.223807	2|1	0.212202
chr9	65750000	66000000	P5_DCIS	1|1	0.321431	3|2	0.396043	3|2	0.282526
chr9	65750000	66000000	P5_INV	1|1	0.563992	3|2	0.223807	3|2	0.212202
chr9	66250000	66500000	P5_DCIS	1|1	0.321431	3|1	0.396043	3|1	0.282526
chr9	66250000	66500000	P5_INV	1|1	0.563992	3|1	0.223807	3|1	0.212202
chr9	66500000	66750000	P5_DCIS	1|1	0.321431	2|1	0.396043	5|0	0.282526
chr9	66500000	66750000	P5_INV	1|1	0.563992	2|1	0.223807	5|0	0.212202
chr9	66750000	67000000	P5_DCIS	1|1	0.321431	2|2	0.396043	6|2	0.282526
chr9	66750000	67000000	P5_INV	1|1	0.563992	2|2	0.223807	6|2	0.212202
chr9	67250000	67500000	P5_DCIS	1|1	0.321431	2|2	0.396043	2|2	0.282526
chr9	67250000	67500000	P5_INV	1|1	0.563992	2|2	0.223807	2|2	0.212202
chr9	67750000	68000000	P5_DCIS	1|1	0.321431	2|1	0.396043	2|1	0.282526
chr9	67750000	68000000	P5_INV	1|1	0.563992	2|1	0.223807	2|1	0.212202
chr9	68000000	68250000	P5_DCIS	1|1	0.321431	2|1	0.396043	5|0	0.282526
chr9	68000000	68250000	P5_INV	1|1	0.563992	2|1	0.223807	5|0	0.212202
chr9	68250000	68750000	P5_DCIS	1|1	0.321431	2|1	0.396043	2|1	0.282526
chr9	68250000	68750000	P5_INV	1|1	0.563992	2|1	0.223807	2|1	0.212202
chr9	68750000	69000000	P5_DCIS	1|1	0.321431	2|1	0.396043	5|0	0.282526
chr9	68750000	69000000	P5_INV	1|1	0.563992	2|1	0.223807	5|0	0.212202
chr9	69000000	69250000	P5_DCIS	1|1	0.321431	3|2	0.396043	3|2	0.282526
chr9	69000000	69250000	P5_INV	1|1	0.563992	3|2	0.223807	3|2	0.212202
chr9	69250000	69500000	P5_DCIS	1|1	0.321431	5|2	0.396043	2|2	0.282526
chr9	69250000	69500000	P5_INV	1|1	0.563992	5|2	0.223807	2|2	0.212202
chr9	69500000	69750000	P5_DCIS	1|1	0.321431	5|1	0.396043	3|1	0.282526
chr9	69500000	69750000	P5_INV	1|1	0.563992	5|1	0.223807	3|1	0.212202
chr9	69750000	70000000	P5_DCIS	1|1	0.321431	3|2	0.396043	3|2	0.282526
chr9	69750000	70000000	P5_INV	1|1	0.563992	3|2	0.223807	3|2	0.212202
chr9	70000000	70250000	P5_DCIS	1|1	0.321431	2|2	0.396043	2|2	0.282526
chr9	70000000	70250000	P5_INV	1|1	0.563992	2|2	0.223807	2|2	0.212202
chr9	70250000	70500000	P5_DCIS	1|1	0.321431	5|2	0.396043	4|2	0.282526
chr9	70250000	70500000	P5_INV	1|1	0.563992	5|2	0.223807	4|2	0.212202
chr9	71000000	72250000	P5_DCIS	1|1	0.321431	3|1	0.396043	3|1	0.282526
chr9	71000000	72250000	P5_INV	1|1	0.563992	3|1	0.223807	3|1	0.212202
chr9	72750000	73500000	P5_DCIS	1|1	0.321431	3|1	0.396043	3|1	0.282526
chr9	72750000	73500000	P5_INV	1|1	0.563992	3|1	0.223807	3|1	0.212202
chr9	73500000	73750000	P5_DCIS	1|1	0.321431	2|2	0.396043	3|0	0.282526
chr9	73500000	73750000	P5_INV	1|1	0.563992	2|2	0.223807	3|0	0.212202
chr9	74000000	75000000	P5_DCIS	1|1	0.321431	3|1	0.396043	3|1	0.282526
chr9	74000000	75000000	P5_INV	1|1	0.563992	3|1	0.223807	3|1	0.212202
chr9	75500000	75750000	P5_DCIS	1|1	0.321431	3|1	0.396043	3|1	0.282526
chr9	75500000	75750000	P5_INV	1|1	0.563992	3|1	0.223807	3|1	0.212202
chr9	75750000	76000000	P5_DCIS	1|1	0.321431	2|1	0.396043	5|0	0.282526
chr9	75750000	76000000	P5_INV	1|1	0.563992	2|1	0.223807	5|0	0.212202
chr9	76000000	76250000	P5_DCIS	1|1	0.321431	3|1	0.396043	3|1	0.282526
chr9	76000000	76250000	P5_INV	1|1	0.563992	3|1	0.223807	3|1	0.212202
chr9	76250000	76500000	P5_DCIS	1|1	0.321431	3|2	0.396043	3|2	0.282526
chr9	76250000	76500000	P5_INV	1|1	0.563992	3|2	0.223807	3|2	0.212202
chr9	77250000	77750000	P5_DCIS	1|1	0.321431	3|1	0.396043	3|1	0.282526
chr9	77250000	77750000	P5_INV	1|1	0.563992	3|1	0.223807	3|1	0.212202
chr9	77750000	78000000	P5_DCIS	1|1	0.321431	2|1	0.396043	2|1	0.282526
chr9	77750000	78000000	P5_INV	1|1	0.563992	2|1	0.223807	2|1	0.212202
chr9	78500000	78750000	P5_DCIS	1|1	0.321431	3|1	0.396043	3|1	0.282526
chr9	78500000	78750000	P5_INV	1|1	0.563992	3|1	0.223807	3|1	0.212202
chr9	78750000	79000000	P5_DCIS	1|1	0.321431	2|1	0.396043	2|1	0.282526
chr9	78750000	79000000	P5_INV	1|1	0.563992	2|1	0.223807	2|1	0.212202
chr9	79000000	79250000	P5_DCIS	1|1	0.321431	3|2	0.396043	3|2	0.282526
chr9	79000000	79250000	P5_INV	1|1	0.563992	3|2	0.223807	3|2	0.212202
chr9	79250000	79500000	P5_DCIS	1|1	0.321431	2|1	0.396043	2|1	0.282526
chr9	79250000	79500000	P5_INV	1|1	0.563992	2|1	0.223807	2|1	0.212202
chr9	79500000	80250000	P5_DCIS	1|1	0.321431	3|1	0.396043	3|1	0.282526
chr9	79500000	80250000	P5_INV	1|1	0.563992	3|1	0.223807	3|1	0.212202
chr9	80750000	81000000	P5_DCIS	1|1	0.321431	3|1	0.396043	3|1	0.282526
chr9	80750000	81000000	P5_INV	1|1	0.563992	3|1	0.223807	3|1	0.212202
chr9	81500000	81750000	P5_DCIS	1|1	0.321431	2|1	0.396043	2|1	0.282526
chr9	81500000	81750000	P5_INV	1|1	0.563992	2|1	0.223807	2|1	0.212202
chr9	82750000	83000000	P5_DCIS	1|1	0.321431	3|2	0.396043	3|2	0.282526
chr9	82750000	83000000	P5_INV	1|1	0.563992	3|2	0.223807	3|2	0.212202
chr9	84000000	84250000	P5_DCIS	1|1	0.321431	2|1	0.396043	5|0	0.282526
chr9	84000000	84250000	P5_INV	1|1	0.563992	2|1	0.223807	5|0	0.212202
chr9	84250000	84500000	P5_DCIS	1|1	0.321431	5|1	0.396043	3|1	0.282526
chr9	84250000	84500000	P5_INV	1|1	0.563992	5|1	0.223807	3|1	0.212202
chr9	85500000	86000000	P5_DCIS	1|1	0.321431	3|1	0.396043	3|1	0.282526
chr9	85500000	86000000	P5_INV	1|1	0.563992	3|1	0.223807	3|1	0.212202
chr9	86750000	87000000	P5_DCIS	1|1	0.321431	3|1	0.396043	3|1	0.282526
chr9	86750000	87000000	P5_INV	1|1	0.563992	3|1	0.223807	3|1	0.212202
chr9	87250000	87500000	P5_DCIS	1|1	0.321431	2|2	0.396043	2|2	0.282526
chr9	87250000	87500000	P5_INV	1|1	0.563992	2|2	0.223807	2|2	0.212202
chr9	87500000	87750000	P5_DCIS	1|1	0.321431	2|1	0.396043	2|1	0.282526
chr9	87500000	87750000	P5_INV	1|1	0.563992	2|1	0.223807	2|1	0.212202
chr9	88250000	89000000	P5_DCIS	1|1	0.321431	3|1	0.396043	3|1	0.282526
chr9	88250000	89000000	P5_INV	1|1	0.563992	3|1	0.223807	3|1	0.212202
chr9	89500000	90000000	P5_DCIS	1|1	0.321431	3|1	0.396043	3|1	0.282526
chr9	89500000	90000000	P5_INV	1|1	0.563992	3|1	0.223807	3|1	0.212202
chr9	90250000	90500000	P5_DCIS	1|1	0.321431	3|1	0.396043	3|1	0.282526
chr9	90250000	90500000	P5_INV	1|1	0.563992	3|1	0.223807	3|1	0.212202
chr9	90500000	90750000	P5_DCIS	1|1	0.321431	2|1	0.396043	5|0	0.282526
chr9	90500000	90750000	P5_INV	1|1	0.563992	2|1	0.223807	5|0	0.212202
chr9	91250000	91500000	P5_DCIS	1|1	0.321431	2|1	0.396043	2|1	0.282526
chr9	91250000	91500000	P5_INV	1|1	0.563992	2|1	0.223807	2|1	0.212202
chr9	91500000	92250000	P5_DCIS	1|1	0.321431	3|1	0.396043	3|1	0.282526
chr9	91500000	92250000	P5_INV	1|1	0.563992	3|1	0.223807	3|1	0.212202
chr9	92750000	93000000	P5_DCIS	1|1	0.321431	3|1	0.396043	3|1	0.282526
chr9	92750000	93000000	P5_INV	1|1	0.563992	3|1	0.223807	3|1	0.212202
chr9	93500000	93750000	P5_DCIS	1|1	0.321431	3|1	0.396043	3|1	0.282526
chr9	93500000	93750000	P5_INV	1|1	0.563992	3|1	0.223807	3|1	0.212202
chr9	93750000	94000000	P5_DCIS	1|1	0.321431	2|2	0.396043	3|0	0.282526
chr9	93750000	94000000	P5_INV	1|1	0.563992	2|2	0.223807	3|0	0.212202
chr9	94000000	96000000	P5_DCIS	1|1	0.321431	3|1	0.396043	3|1	0.282526
chr9	94000000	96000000	P5_INV	1|1	0.563992	3|1	0.223807	3|1	0.212202
chr9	96000000	96250000	P5_DCIS	1|1	0.321431	2|1	0.396043	5|0	0.282526
chr9	96000000	96250000	P5_INV	1|1	0.563992	2|1	0.223807	5|0	0.212202
chr9	96250000	97500000	P5_DCIS	1|1	0.321431	3|1	0.396043	3|1	0.282526
chr9	96250000	97500000	P5_INV	1|1	0.563992	3|1	0.223807	3|1	0.212202
chr9	98000000	98250000	P5_DCIS	1|1	0.321431	3|1	0.396043	3|1	0.282526
chr9	98000000	98250000	P5_INV	1|1	0.563992	3|1	0.223807	3|1	0.212202
chr9	98250000	98500000	P5_DCIS	1|1	0.321431	2|1	0.396043	2|1	0.282526
chr9	98250000	98500000	P5_INV	1|1	0.563992	2|1	0.223807	2|1	0.212202
chr9	98500000	98750000	P5_DCIS	1|1	0.321431	3|1	0.396043	3|1	0.282526
chr9	98500000	98750000	P5_INV	1|1	0.563992	3|1	0.223807	3|1	0.212202
chr9	98750000	99000000	P5_DCIS	1|1	0.321431	2|1	0.396043	5|0	0.282526
chr9	98750000	99000000	P5_INV	1|1	0.563992	2|1	0.223807	5|0	0.212202
chr9	99000000	100000000	P5_DCIS	1|1	0.321431	3|1	0.396043	3|1	0.282526
chr9	99000000	100000000	P5_INV	1|1	0.563992	3|1	0.223807	3|1	0.212202
chr9	100250000	100750000	P5_DCIS	1|1	0.321431	3|1	0.396043	3|1	0.282526
chr9	100250000	100750000	P5_INV	1|1	0.563992	3|1	0.223807	3|1	0.212202
chr9	100750000	101000000	P5_DCIS	1|1	0.321431	5|1	0.396043	3|1	0.282526
chr9	100750000	101000000	P5_INV	1|1	0.563992	5|1	0.223807	3|1	0.212202
chr9	101000000	101250000	P5_DCIS	1|1	0.321431	3|1	0.396043	3|1	0.282526
chr9	101000000	101250000	P5_INV	1|1	0.563992	3|1	0.223807	3|1	0.212202
chr9	101250000	101500000	P5_DCIS	1|1	0.321431	2|1	0.396043	2|1	0.282526
chr9	101250000	101500000	P5_INV	1|1	0.563992	2|1	0.223807	2|1	0.212202
chr9	101500000	101750000	P5_DCIS	1|1	0.321431	2|1	0.396043	5|0	0.282526
chr9	101500000	101750000	P5_INV	1|1	0.563992	2|1	0.223807	5|0	0.212202
chr9	101750000	102250000	P5_DCIS	1|1	0.321431	3|1	0.396043	3|1	0.282526
chr9	101750000	102250000	P5_INV	1|1	0.563992	3|1	0.223807	3|1	0.212202
chr9	102500000	102750000	P5_DCIS	1|1	0.321431	3|1	0.396043	3|1	0.282526
chr9	102500000	102750000	P5_INV	1|1	0.563992	3|1	0.223807	3|1	0.212202
chr9	103000000	103500000	P5_DCIS	1|1	0.321431	3|1	0.396043	3|1	0.282526
chr9	103000000	103500000	P5_INV	1|1	0.563992	3|1	0.223807	3|1	0.212202
chr9	104000000	104500000	P5_DCIS	1|1	0.321431	3|1	0.396043	3|1	0.282526
chr9	104000000	104500000	P5_INV	1|1	0.563992	3|1	0.223807	3|1	0.212202
chr9	105250000	105500000	P5_DCIS	1|1	0.321431	3|1	0.396043	3|1	0.282526
chr9	105250000	105500000	P5_INV	1|1	0.563992	3|1	0.223807	3|1	0.212202
chr9	105750000	106000000	P5_DCIS	1|1	0.321431	3|1	0.396043	3|1	0.282526
chr9	105750000	106000000	P5_INV	1|1	0.563992	3|1	0.223807	3|1	0.212202
chr9	107250000	107750000	P5_DCIS	1|1	0.321431	3|1	0.396043	3|1	0.282526
chr9	107250000	107750000	P5_INV	1|1	0.563992	3|1	0.223807	3|1	0.212202
chr9	108250000	108750000	P5_DCIS	1|1	0.321431	3|1	0.396043	3|1	0.282526
chr9	108250000	108750000	P5_INV	1|1	0.563992	3|1	0.223807	3|1	0.212202
chr9	109750000	110000000	P5_DCIS	1|1	0.321431	2|1	0.396043	2|1	0.282526
chr9	109750000	110000000	P5_INV	1|1	0.563992	2|1	0.223807	2|1	0.212202
chr9	110250000	110500000	P5_DCIS	1|1	0.321431	3|1	0.396043	3|1	0.282526
chr9	110250000	110500000	P5_INV	1|1	0.563992	3|1	0.223807	3|1	0.212202
chr9	111500000	112500000	P5_DCIS	1|1	0.321431	3|1	0.396043	3|1	0.282526
chr9	111500000	112500000	P5_INV	1|1	0.563992	3|1	0.223807	3|1	0.212202
chr9	112500000	112750000	P5_DCIS	1|1	0.321431	2|1	0.396043	5|0	0.282526
chr9	112500000	112750000	P5_INV	1|1	0.563992	2|1	0.223807	5|0	0.212202
chr9	112750000	113750000	P5_DCIS	1|1	0.321431	3|1	0.396043	3|1	0.282526
chr9	112750000	113750000	P5_INV	1|1	0.563992	3|1	0.223807	3|1	0.212202
chr9	114000000	114750000	P5_DCIS	1|1	0.321431	3|1	0.396043	3|1	0.282526
chr9	114000000	114750000	P5_INV	1|1	0.563992	3|1	0.223807	3|1	0.212202
chr9	115250000	115500000	P5_DCIS	1|1	0.321431	3|1	0.396043	3|1	0.282526
chr9	115250000	115500000	P5_INV	1|1	0.563992	3|1	0.223807	3|1	0.212202
chr9	115500000	115750000	P5_DCIS	1|1	0.321431	2|1	0.396043	5|0	0.282526
chr9	115500000	115750000	P5_INV	1|1	0.563992	2|1	0.223807	5|0	0.212202
chr9	115750000	116250000	P5_DCIS	1|1	0.321431	3|1	0.396043	3|1	0.282526
chr9	115750000	116250000	P5_INV	1|1	0.563992	3|1	0.223807	3|1	0.212202
chr9	116250000	116500000	P5_DCIS	1|1	0.321431	2|1	0.396043	5|0	0.282526
chr9	116250000	116500000	P5_INV	1|1	0.563992	2|1	0.223807	5|0	0.212202
chr9	116750000	117250000	P5_DCIS	1|1	0.321431	3|1	0.396043	3|1	0.282526
chr9	116750000	117250000	P5_INV	1|1	0.563992	3|1	0.223807	3|1	0.212202
chr9	117250000	117500000	P5_DCIS	1|1	0.321431	2|1	0.396043	5|0	0.282526
chr9	117250000	117500000	P5_INV	1|1	0.563992	2|1	0.223807	5|0	0.212202
chr9	117500000	118250000	P5_DCIS	1|1	0.321431	3|1	0.396043	3|1	0.282526
chr9	117500000	118250000	P5_INV	1|1	0.563992	3|1	0.223807	3|1	0.212202
chr9	118500000	119250000	P5_DCIS	1|1	0.321431	3|1	0.396043	3|1	0.282526
chr9	118500000	119250000	P5_INV	1|1	0.563992	3|1	0.223807	3|1	0.212202
chr9	119500000	119750000	P5_DCIS	1|1	0.321431	3|1	0.396043	3|1	0.282526
chr9	119500000	119750000	P5_INV	1|1	0.563992	3|1	0.223807	3|1	0.212202
chr9	119750000	120000000	P5_DCIS	1|1	0.321431	2|1	0.396043	5|0	0.282526
chr9	119750000	120000000	P5_INV	1|1	0.563992	2|1	0.223807	5|0	0.212202
chr9	120750000	121000000	P5_DCIS	1|1	0.321431	3|1	0.396043	3|1	0.282526
chr9	120750000	121000000	P5_INV	1|1	0.563992	3|1	0.223807	3|1	0.212202
chr9	123000000	123250000	P5_DCIS	1|1	0.321431	2|1	0.396043	2|1	0.282526
chr9	123000000	123250000	P5_INV	1|1	0.563992	2|1	0.223807	2|1	0.212202
chr9	123500000	124250000	P5_DCIS	1|1	0.321431	3|1	0.396043	3|1	0.282526
chr9	123500000	124250000	P5_INV	1|1	0.563992	3|1	0.223807	3|1	0.212202
chr9	124500000	124750000	P5_DCIS	1|1	0.321431	2|1	0.396043	5|0	0.282526
chr9	124500000	124750000	P5_INV	1|1	0.563992	2|1	0.223807	5|0	0.212202
chr9	124750000	125500000	P5_DCIS	1|1	0.321431	3|1	0.396043	3|1	0.282526
chr9	124750000	125500000	P5_INV	1|1	0.563992	3|1	0.223807	3|1	0.212202
chr9	125750000	126250000	P5_DCIS	1|1	0.321431	3|1	0.396043	3|1	0.282526
chr9	125750000	126250000	P5_INV	1|1	0.563992	3|1	0.223807	3|1	0.212202
chr9	126500000	126750000	P5_DCIS	1|1	0.321431	3|1	0.396043	3|1	0.282526
chr9	126500000	126750000	P5_INV	1|1	0.563992	3|1	0.223807	3|1	0.212202
chr9	126750000	127000000	P5_DCIS	1|1	0.321431	3|2	0.396043	3|2	0.282526
chr9	126750000	127000000	P5_INV	1|1	0.563992	3|2	0.223807	3|2	0.212202
chr9	127750000	128000000	P5_DCIS	1|1	0.321431	3|1	0.396043	3|1	0.282526
chr9	127750000	128000000	P5_INV	1|1	0.563992	3|1	0.223807	3|1	0.212202
chr9	128000000	128250000	P5_DCIS	1|1	0.321431	2|1	0.396043	5|0	0.282526
chr9	128000000	128250000	P5_INV	1|1	0.563992	2|1	0.223807	5|0	0.212202
chr9	129000000	129250000	P5_DCIS	1|1	0.321431	3|2	0.396043	3|2	0.282526
chr9	129000000	129250000	P5_INV	1|1	0.563992	3|2	0.223807	3|2	0.212202
chr9	129250000	129500000	P5_DCIS	1|1	0.321431	9|3	0.396043	10|2	0.282526
chr9	129250000	129500000	P5_INV	1|1	0.563992	9|3	0.223807	10|2	0.212202
chr9	130000000	130500000	P5_DCIS	1|1	0.321431	4|4	0.396043	2|2	0.282526
chr9	130000000	130500000	P5_INV	1|1	0.563992	4|4	0.223807	2|2	0.212202
chr9	130500000	130750000	P5_DCIS	1|1	0.321431	7|4	0.396043	3|2	0.282526
chr9	130500000	130750000	P5_INV	1|1	0.563992	7|4	0.223807	3|2	0.212202
chr9	130750000	131000000	P5_DCIS	1|1	0.321431	2|2	0.396043	2|2	0.282526
chr9	130750000	131000000	P5_INV	1|1	0.563992	2|2	0.223807	2|2	0.212202
chr9	131000000	131500000	P5_DCIS	1|1	0.321431	3|1	0.396043	3|1	0.282526
chr9	131000000	131500000	P5_INV	1|1	0.563992	3|1	0.223807	3|1	0.212202
chr9	131500000	131750000	P5_DCIS	1|1	0.321431	2|1	0.396043	5|0	0.282526
chr9	131500000	131750000	P5_INV	1|1	0.563992	2|1	0.223807	5|0	0.212202
chr9	131750000	132000000	P5_DCIS	1|1	0.321431	5|1	0.396043	3|1	0.282526
chr9	131750000	132000000	P5_INV	1|1	0.563992	5|1	0.223807	3|1	0.212202
chr9	132250000	132500000	P5_DCIS	1|1	0.321431	5|1	0.396043	3|1	0.282526
chr9	132250000	132500000	P5_INV	1|1	0.563992	5|1	0.223807	3|1	0.212202
chr9	132500000	132750000	P5_DCIS	1|1	0.321431	3|1	0.396043	3|1	0.282526
chr9	132500000	132750000	P5_INV	1|1	0.563992	3|1	0.223807	3|1	0.212202
chr9	132750000	133000000	P5_DCIS	1|1	0.321431	3|2	0.396043	3|2	0.282526
chr9	132750000	133000000	P5_INV	1|1	0.563992	3|2	0.223807	3|2	0.212202
chr9	133250000	134750000	P5_DCIS	1|1	0.321431	3|1	0.396043	3|1	0.282526
chr9	133250000	134750000	P5_INV	1|1	0.563992	3|1	0.223807	3|1	0.212202
chr9	135000000	136000000	P5_DCIS	1|1	0.321431	3|1	0.396043	3|1	0.282526
chr9	135000000	136000000	P5_INV	1|1	0.563992	3|1	0.223807	3|1	0.212202
chr9	136000000	136250000	P5_DCIS	1|1	0.321431	5|1	0.396043	3|1	0.282526
chr9	136000000	136250000	P5_INV	1|1	0.563992	5|1	0.223807	3|1	0.212202
chr9	136250000	137000000	P5_DCIS	1|1	0.321431	3|1	0.396043	3|1	0.282526
chr9	136250000	137000000	P5_INV	1|1	0.563992	3|1	0.223807	3|1	0.212202
chr9	137000000	137250000	P5_DCIS	1|1	0.321431	3|2	0.396043	3|2	0.282526
chr9	137000000	137250000	P5_INV	1|1	0.563992	3|2	0.223807	3|2	0.212202
chr9	137250000	138000000	P5_DCIS	1|1	0.321431	3|1	0.396043	3|1	0.282526
chr9	137250000	138000000	P5_INV	1|1	0.563992	3|1	0.223807	3|1	0.212202
chr9	138250000	139500000	P5_DCIS	1|1	0.321431	3|1	0.396043	3|1	0.282526
chr9	138250000	139500000	P5_INV	1|1	0.563992	3|1	0.223807	3|1	0.212202
chr9	139500000	140250000	P5_DCIS	1|1	0.321431	5|1	0.396043	3|1	0.282526
chr9	139500000	140250000	P5_INV	1|1	0.563992	5|1	0.223807	3|1	0.212202
chr9	140250000	140500000	P5_DCIS	1|1	0.321431	7|4	0.396043	3|2	0.282526
chr9	140250000	140500000	P5_INV	1|1	0.563992	7|4	0.223807	3|2	0.212202
chr9	140500000	140750000	P5_DCIS	1|1	0.321431	9|1	0.396043	2|1	0.282526
chr9	140500000	140750000	P5_INV	1|1	0.563992	9|1	0.223807	2|1	0.212202
chr9	140750000	141000000	P5_DCIS	1|1	0.321431	2|1	0.396043	5|0	0.282526
chr9	140750000	141000000	P5_INV	1|1	0.563992	2|1	0.223807	5|0	0.212202
chr9	141000000	141213431	P5_DCIS	1|1	0.321431	5|1	0.396043	3|1	0.282526
chr9	141000000	141213431	P5_INV	1|1	0.563992	5|1	0.223807	3|1	0.212202
